 lon    lat     emax   emin  azi    delta  shear  2nd-strn
 95.00  46.00  -0.71  -1.21 -70.19  -1.92   0.25   1.68
 95.00  45.50  -0.53  -1.24 -69.83  -1.77   0.36   1.58
 94.50  46.00  -0.11  -1.09 -48.28  -1.20   0.49   1.15
 94.56  45.29   0.15  -1.09 -51.70  -0.94   0.62   1.03
 94.00  46.00   0.16  -1.04 -37.37  -0.88   0.60   0.97
 95.00  45.00   0.43  -1.25 -59.92  -0.82   0.84   1.10
 94.13  45.50   0.27  -1.03 -44.45  -0.76   0.65   0.93
 94.57  44.75   1.88  -1.06 -46.80   0.82   1.47   1.63
 94.13  45.00   1.44  -1.00 137.66   0.45   1.22   1.28
 93.50  46.00   3.90  -1.80 163.25   2.10   2.85   3.38
 95.00  44.50   1.79  -1.15 -53.86   0.64   1.47   1.57
 93.67  45.29   3.82  -1.39 158.71   2.43   2.60   3.35
 94.13  44.50   3.94  -1.00 -45.35   2.95   2.47   3.55
 94.57  44.25   4.02  -1.05 -48.33   2.97   2.53   3.61
 93.70  44.75   5.41  -1.09 152.88   4.32   3.25   4.96
 93.26  45.52   4.45  -1.84 163.26   2.61   3.15   3.87
 95.00  44.00   3.51  -1.07 -51.82   2.44   2.29   3.12
 93.00  46.00   3.85  -1.84 162.22   2.01   2.84   3.33
 93.27  45.00   5.42  -1.39 157.67   4.03   3.41   4.88
 94.13  44.00   6.42  -0.95 -46.29   5.46   3.68   6.00
 93.70  44.25   7.61  -0.73 145.54   6.88   4.17   7.27
 92.86  45.29   4.13  -1.62 160.22   2.51   2.88   3.60
 94.57  43.75   6.36  -0.98 -48.33   5.38   3.67   5.93
 93.27  44.50   7.88  -0.98 151.60   6.90   4.43   7.44
 92.50  46.00   5.05  -2.39 163.86   2.66   3.72   4.37
 95.00  43.50   5.79  -0.95 -50.62   4.84   3.37   5.38
 92.83  44.75   6.12  -1.37 157.16   4.75   3.74   5.56
 93.70  43.75   9.94  -0.42 141.62   9.52   5.18   9.74
 94.13  43.50   9.27  -0.85 -46.72   8.42   5.06   8.88
 93.27  44.00  10.00  -0.54 146.17   9.46   5.27   9.74
 92.40  45.50   4.55  -2.00 161.86   2.55   3.28   3.95
 94.57  43.25   9.31  -0.85 -48.18   8.46   5.08   8.92
 92.83  44.25   9.49  -0.83 149.49   8.66   5.16   9.10
 92.40  45.00   4.28  -1.61 159.39   2.66   2.94   3.74
 92.00  46.00   3.94  -2.16 161.68   1.78   3.05   3.41
 95.00  43.00   8.82  -0.78 -49.95   8.04   4.80   8.45
 92.40  44.50   8.96  -1.20 151.62   7.76   5.08   8.43
 93.27  43.50  11.97  -0.10 142.41  11.87   6.03  11.92
 93.70  43.25  12.56  -0.05 138.82  12.51   6.30  12.54
 92.83  43.75  11.19  -0.37 145.14  10.83   5.78  11.01
 94.13  43.00  12.69  -0.68 -47.15  12.01   6.68  12.37
 91.97  45.25   3.75  -1.89 159.43   1.86   2.82   3.25
 94.57  42.75  13.15  -0.65 -48.19  12.50   6.90  12.83
 92.40  44.00  10.30  -0.75 147.40   9.55   5.52   9.95
 91.97  44.75   7.21  -1.67 156.21   5.53   4.44   6.53
 93.27  43.00  13.84   0.43 138.99  14.27   6.71  14.06
 92.83  43.25  12.45   0.13 141.45  12.59   6.16  12.52
 93.70  42.75  15.42   0.45 136.27  15.86   7.49  15.65
 91.50  46.00   3.99  -2.43 162.89   1.55   3.21   3.48
 95.00  42.50  12.94  -0.54 -49.54  12.40   6.74  12.68
 91.97  44.25   9.43  -1.18 149.39   8.25   5.30   8.90
 91.54  45.50   3.81  -2.21 160.44   1.61   3.01   3.32
 94.13  42.50  16.88  -0.42 -47.67  16.46   8.65  16.68
 91.54  45.00   5.35  -1.97 157.86   3.38   3.66   4.68
 92.40  43.50  11.27  -0.29 143.72  10.99   5.78  11.13
 91.54  44.50   8.33  -1.62 151.21   6.71   4.97   7.65
 91.97  43.75  10.23  -0.76 145.78   9.47   5.50   9.87
 94.57  42.25  18.35  -0.36 -48.30  18.00   9.35  18.18
 92.83  42.75  13.15   0.68 137.59  13.83   6.23  13.50
 93.27  42.50  15.23   1.04 135.29  16.26   7.10  15.77
 92.40  43.00  11.68   0.20 140.09  11.88   5.74  11.78
 93.70  42.25  18.20   1.08 -46.50  19.28   8.56  18.76
 91.09  45.29   4.90  -2.27 159.05   2.64   3.59   4.25
 95.00  42.00  18.84  -0.20 -48.91  18.65   9.52  18.75
 91.00  46.00   4.92  -2.53 159.51   2.40   3.72   4.26
 91.54  44.00   9.25  -1.26 147.61   7.99   5.25   8.69
 94.13  42.00  21.97  -0.04 -48.30  21.93  11.01  21.95
 91.97  43.25  10.55  -0.34 142.46  10.21   5.44  10.38
 91.10  44.75   7.07  -1.98 154.91   5.08   4.52   6.31
 94.57  41.75  26.17   0.08 -48.47  26.25  13.04  26.21
 91.10  44.25   8.23  -1.71 149.56   6.52   4.97   7.53
 91.54  43.50   9.55  -0.89 144.53   8.66   5.22   9.14
 92.83  42.25  12.63   1.24 -47.32  13.87   5.69  13.30
 92.40  42.50  11.18   0.71 136.03  11.89   5.24  11.55
 93.27  42.00  15.13   1.67 -49.89  16.80   6.73  16.03
 90.67  45.50   4.10  -2.50 158.43   1.60   3.30   3.58
 91.97  42.75  10.18   0.11 139.17  10.29   5.03  10.23
 93.70  41.75  19.46   1.83 -50.40  21.29   8.81  20.44
 90.67  45.00   4.86  -2.37 156.93   2.50   3.62   4.21
 95.00  41.50  28.16   0.10 -46.14  28.26  14.03  28.21
 90.50  46.00   3.85  -2.50 157.84   1.35   3.18   3.39
 91.10  43.75   8.60  -1.44 146.33   7.16   5.02   7.98
 94.13  41.50  26.38   0.53 -48.85  26.91  12.92  26.65
 90.67  44.50   7.13  -2.15 150.95   4.97   4.64   6.33
 91.54  43.00   9.31  -0.50 141.72   8.81   4.90   9.07
 92.40  42.00   9.25   1.19 -49.83  10.44   4.03   9.90
 92.83  41.75   9.74   1.56 -57.79  11.29   4.09  10.60
 94.57  41.25  51.60   0.56 -48.31  52.17  25.52  51.89
 90.67  44.00   7.70  -1.95 147.86   5.75   4.83   6.93
 91.10  43.25   8.44  -1.11 143.80   7.33   4.77   7.94
 91.97  42.25   8.74   0.62 136.05   9.36   4.06   9.07
 93.27  41.50  11.67   1.81 -62.78  13.48   4.93  12.67
 90.21  45.42   3.61  -2.45 154.52   1.16   3.03   3.19
 91.54  42.50   8.46  -0.07 139.19   8.39   4.27   8.43
 93.70  41.25  14.56   2.10 -63.01  16.66   6.23  15.72
 90.24  44.75   3.52  -2.43 152.28   1.09   2.97   3.12
 95.00  41.00  72.07  -2.92 142.66  69.15  37.49  70.65
 90.00  46.00   3.46  -2.60 154.15   0.86   3.03   3.12
 90.67  43.50   7.57  -1.69 145.53   5.87   4.63   6.88
 94.13  41.00  19.82   1.18 139.98  21.00   9.32  20.44
 90.24  44.25   6.49  -2.38 148.80   4.11   4.44   5.69
 91.10  42.75   7.81  -0.74 141.64   7.07   4.27   7.46
 92.40  41.50   5.31   1.22 -69.14   6.53   2.04   6.02
 91.97  41.75   6.37   1.11 -49.03   7.48   2.63   6.99
 92.83  41.25   5.85  -0.57 269.27   5.28   3.21   5.59
 94.57  40.75  32.52 -26.43 177.25   6.08  29.47  29.94
 90.24  43.75   6.68  -2.26 146.73   4.43   4.47   5.89
 90.67  43.00   7.04  -1.38 143.64   5.66   4.21   6.46
 89.73  45.61   3.01  -2.65 153.35   0.36   2.83   2.84
 91.54  42.00   6.90   0.49 137.91   7.39   3.21   7.16
 93.27  41.00   7.46  -4.43 258.28   3.03   5.94   6.50
 91.10  42.25   6.76  -0.30 140.20   6.46   3.53   6.62
 93.70  40.75   9.92 -16.63 250.65  -6.71  13.28  14.49
 89.80  44.50   5.15  -2.68 149.21   2.47   3.91   4.46
 89.67  45.06   2.74  -2.63 150.92   0.10   2.69   2.69
 95.00  40.50  35.24 -26.51 175.20   8.73  30.88  31.79
 89.50  46.00   2.92  -2.63 153.87   0.28   2.77   2.78
 90.24  43.25   6.28  -2.01 145.42   4.27   4.14   5.55
 94.13  40.50  15.21 -13.52 182.76   1.69  14.36  14.44
 89.80  44.00   5.82  -2.77 147.35   3.04   4.29   5.04
 90.67  42.50   6.11  -1.02 142.13   5.09   3.57   5.67
 92.40  41.00   3.22  -1.43 243.65   1.79   2.32   2.79
 91.54  41.50   5.46   1.02 138.74   6.48   2.22   6.04
 92.83  40.75   4.90  -8.74 243.74  -3.84   6.82   7.59
 91.93  41.21   2.07   1.39 240.62   3.46   0.34   3.02
 91.10  41.75   5.71   0.28 142.23   5.99   2.72   5.86
 89.25  45.57   2.35  -2.67 -29.95  -0.32   2.51   2.52
 94.57  40.25  12.70 -16.51  -4.82  -3.81  14.60  14.97
 93.27  40.50   7.94 -15.65 244.05  -7.71  11.79  13.55
 89.37  44.75   3.99  -2.97 147.25   1.02   3.48   3.59
 90.24  42.75   5.42  -1.64 144.26   3.78   3.53   4.82
 89.80  43.50   5.55  -2.62 146.78   2.92   4.08   4.81
 93.70  40.25   9.70 -18.24  34.93  -8.54  13.97  15.81
 90.67  42.00   4.88  -0.60 141.20   4.28   2.74   4.61
 89.37  44.25   4.84  -3.20 146.75   1.64   4.02   4.27
 89.00  46.00   2.32  -2.50 -28.89  -0.18   2.41   2.41
 95.00  40.00  17.76 -27.94 -14.79 -10.17  22.85  24.49
 89.80  43.00   4.58  -2.35 146.61   2.24   3.46   3.97
 89.05  45.13   2.40  -2.81 -32.32  -0.41   2.60   2.63
 91.52  41.04   3.92   0.93 177.69   4.84   1.50   4.45
 94.13  40.00   5.62 -10.08  33.75  -4.46   7.85   8.75
 90.24  42.25   4.06  -1.31 143.54   2.75   2.68   3.59
 89.37  43.75   4.55  -3.11 146.95   1.43   3.83   4.03
 91.10  41.25   5.23   0.56 160.10   5.79   2.33   5.53
 92.83  40.25   5.50 -27.13 240.00 -21.63  16.32  24.84
 92.39  40.44   3.57  -7.78 229.86  -4.22   5.68   6.75
 91.85  40.63   4.04  -2.40 208.85   1.64   3.22   3.52
 90.67  41.50   4.08   0.06 144.13   4.14   2.01   4.11
 93.27  40.00  24.09 -27.74 228.98  -3.65  25.92  26.11
 94.57  39.75  12.11 -16.00  -4.02  -3.88  14.05  14.45
 88.75  45.57   1.93  -2.63 -32.40  -0.71   2.28   2.36
 89.80  42.50   2.98  -2.01 147.95   0.96   2.50   2.63
 89.37  43.25   3.96  -3.14 147.70   0.82   3.55   3.62
 88.85  44.60   3.16  -3.26 -34.95  -0.10   3.21   3.21
 93.70  39.75  14.13 -24.67  35.72 -10.55  19.40  21.44
 90.24  41.75   2.72  -0.87 139.76   1.85   1.79   2.40
 88.94  44.00   3.58  -3.42 146.41   0.16   3.50   3.50
 92.50  40.06   5.03 -17.12 227.21 -12.09  11.07  15.24
 95.00  39.50  17.60 -28.29 -14.96 -10.70  22.95  24.75
 88.50  46.00   1.84  -2.38 -31.89  -0.54   2.11   2.16
 89.37  42.75   2.36  -2.92 -28.57  -0.56   2.64   2.69
 94.13  39.50   8.28 -13.07  36.32  -4.80  10.68  11.46
 88.50  45.13   1.56  -2.94 -37.94  -1.38   2.25   2.55
 89.80  42.00   1.96  -1.74 146.57   0.22   1.85   1.86
 88.94  43.50   2.82  -3.71 -32.60  -0.89   3.27   3.36
 91.18  40.62   5.03  -0.87 188.03   4.16   2.95   4.65
 90.67  41.00   4.94   0.48 158.79   5.42   2.23   5.20
 92.83  39.75   9.19 -28.06 231.94 -18.87  18.63  24.78
 92.00  40.06   7.52  -7.45 210.17   0.07   7.49   7.49
 90.24  41.25   1.28  -0.33 -53.61   0.95   0.81   1.15
 88.50  44.25   2.46  -3.78 -36.32  -1.32   3.12   3.32
 93.24  39.50  23.82 -27.82 228.47  -4.00  25.82  26.05
 88.25  45.57   1.39  -2.60 -36.76  -1.21   1.99   2.25
 94.57  39.25   5.92 -14.55   3.63  -8.64  10.24  12.68
 89.37  42.25   1.10  -2.84 -21.77  -1.74   1.97   2.48
 88.94  43.00   2.10  -3.94 -29.03  -1.85   3.02   3.42
 93.70  39.25  17.21 -23.74  38.39  -6.54  20.48  21.24
 88.25  44.70   1.94  -3.44 -37.23  -1.50   2.69   2.99
 88.50  43.75   2.21  -4.18 -33.37  -1.98   3.19   3.62
 91.50  40.06   7.33  -3.09 195.66   4.24   5.21   6.37
 89.76  41.51  -0.25  -1.31 -60.34  -1.56   0.53   1.45
 92.25  39.63   8.77 -16.78  39.71  -8.01  12.77  14.54
 89.44  41.78  -0.54  -2.42  -9.87  -2.96   0.94   2.73
 90.67  40.50   5.84  -0.07 170.01   5.77   2.95   5.80
 95.00  39.00  13.09  -5.74 -56.88   7.35   9.41  11.37
 88.00  46.00   1.43  -2.05 -33.57  -0.62   1.74   1.82
 94.13  39.00  24.76  -2.02 250.78  22.74  13.39  23.81
 88.00  45.13   1.07  -2.95 -41.63  -1.87   2.01   2.58
 88.85  42.37   0.69  -3.68 -16.75  -2.99   2.19   3.39
 91.75  39.63  10.44  -7.16 202.25   3.27   8.80   9.24
 91.00  40.06   9.17  -1.98 181.86   7.19   5.58   8.36
 92.66  39.23   9.90 -27.56 227.43 -17.66  18.73  24.18
 88.39  43.18   1.19  -4.39 -32.92  -3.20   2.79   3.93
 90.21  40.62   3.44  -0.02 142.43   3.42   1.73   3.43
 88.01  44.10   0.71  -4.15 -38.81  -3.45   2.43   3.85
 94.57  38.75  17.25  -1.52 -69.86  15.73   9.38  16.55
 87.75  45.57   1.03  -2.31 -38.48  -1.28   1.67   2.01
 88.48  42.69   0.84  -4.20 -26.35  -3.36   2.52   3.85
 89.00  41.79  -0.73  -4.44   1.50  -5.17   1.86   4.84
 93.22  38.88  23.58 -27.74 228.34  -4.16  25.66  25.91
 89.65  40.97  -0.29  -2.42 248.91  -2.71   1.07   2.58
 87.75  44.70   0.94  -3.71 -43.58  -2.77   2.32   3.34
 93.70  38.75  23.71 -27.84 228.19  -4.13  25.78  26.02
 88.07  43.50   0.52  -4.70 -36.82  -4.17   2.61   4.46
 89.25  41.36  -1.67  -4.31  38.77  -5.98   1.32   5.34
 91.25  39.63  11.43  -4.24 188.57   7.20   7.84  10.01
 92.00  39.20  10.84 -12.27  32.96  -1.43  11.55  11.62
 90.50  40.06   7.49  -1.15 170.44   6.34   4.32   6.98
 95.00  38.50   0.76  -5.11 249.55  -4.35   2.94   4.77
 87.50  46.00   1.15  -1.62 -32.69  -0.47   1.39   1.44
 94.13  38.50  -0.67 -24.37  29.62 -25.04  11.85  24.71
 87.50  45.13   0.62  -2.76 -44.94  -2.14   1.69   2.51
 92.75  38.76  11.05 -20.26 225.73  -9.21  15.65  17.57
 89.75  40.50   2.25  -2.29 -83.13  -0.04   2.27   2.27
 91.50  39.20  13.72  -6.12 192.83   7.60   9.92  11.90
 90.75  39.63  11.14  -4.04 181.60   7.10   7.59   9.77
 87.50  44.27   0.28  -4.41 -41.33  -4.13   2.35   4.28
 88.52  41.82  -0.39  -5.95   4.49  -6.33   2.78   6.15
 88.25  42.23  -0.33  -4.68 -11.54  -5.01   2.18   4.86
 92.25  38.76  11.42 -13.62  34.41  -2.21  12.52  12.67
 89.99  40.08   3.69  -0.28 141.30   3.41   1.98   3.56
 88.00  42.66  -0.58  -4.94 -26.93  -5.53   2.18   5.26
 87.25  45.57   0.72  -1.89 -38.96  -1.17   1.31   1.65
 94.57  38.25  -0.52 -11.71  43.28 -12.23   5.60  11.98
 87.78  43.10  -0.86  -5.29 -32.30  -6.15   2.22   5.77
 88.75  41.36  -1.38  -6.91  17.71  -8.29   2.76   7.69
 93.50  38.33   7.52 -21.68 225.18 -14.16  14.60  19.07
 89.00  40.93  -1.44  -6.06 233.01  -7.50   2.31   6.89
 87.25  44.70   0.43  -3.45 -44.75  -3.01   1.94   3.25
 91.00  39.20  13.68  -6.46 188.23   7.22  10.07  11.85
 87.50  43.53  -0.69  -5.37 -39.81  -6.07   2.34   5.75
 93.00  38.33   9.47 -20.42 226.69 -10.94  14.95  17.70
 91.75  38.76  13.92  -7.34 196.23   6.59  10.63  12.06
 90.25  39.63   8.16  -3.88 174.92   4.28   6.02   7.07
 89.25  40.50  -0.21  -8.74 239.13  -8.95   4.26   8.84
 87.00  46.00   1.10  -0.95 155.80   0.15   1.02   1.03
 95.00  38.00  -0.27 -10.68 230.85 -10.95   5.20  10.82
 87.00  45.13   0.34  -2.38 -46.96  -2.04   1.36   2.23
 94.13  38.00  -0.35 -18.23  35.91 -18.59   8.94  18.41
 92.50  38.33  10.16  -7.71 206.91   2.45   8.93   9.18
 89.50  40.06   4.01  -4.52 -88.66  -0.51   4.27   4.29
 87.15  43.91  -0.84  -5.17 -41.28  -6.01   2.16   5.63
 91.25  38.76  14.80  -7.88 192.58   6.92  11.34  12.83
 90.50  39.20  12.24  -7.41 184.67   4.83   9.83  10.68
 88.00  41.79  -1.89 -12.10  27.26 -13.99   5.10  13.15
 87.75  42.23  -2.55  -6.12   7.42  -8.68   1.78   7.72
 87.00  44.27  -0.21  -3.94 -43.21  -4.15   1.86   4.05
 88.25  41.36  -2.27  -9.11  32.16 -11.38   3.42  10.43
 87.50  42.66  -3.35  -6.11  -9.00  -9.46   1.38   8.31
 92.00  38.33  12.84  -7.05 198.88   5.79   9.94  11.13
 88.50  40.93  -2.41  -5.67 230.49  -8.08   1.63   7.18
 93.19  37.95   4.62 -13.42  40.44  -8.81   9.02  11.81
 86.76  45.54   0.58  -1.17 -31.55  -0.59   0.88   1.02
 89.75  39.63   2.53  -9.53 -11.38  -7.00   6.03   8.55
 94.57  37.75  -0.67 -13.93  40.87 -14.60   6.63  14.27
 87.25  43.09  -2.90  -6.30 -29.90  -9.19   1.70   8.14
 88.75  40.50   1.47  -1.61 -64.79  -0.14   1.54   1.54
 86.75  44.70  -0.09  -2.98 -46.52  -3.07   1.45   3.03
 93.70  37.75   2.34 -14.16  37.41 -11.82   8.25  13.15
 87.00  43.53  -2.12  -6.50 -35.64  -8.62   2.19   7.78
 90.75  38.76  14.20  -9.42 191.25   4.78  11.81  12.51
 92.75  37.90   7.71  -9.03  29.86  -1.32   8.37   8.44
 91.50  38.33  14.65  -8.39 195.67   6.27  11.52  12.73
 89.00  40.06   0.95 -37.83 233.12 -36.89  19.39  37.37
 90.00  39.20   7.62 -15.63  -4.60  -8.01  11.62  13.54
 86.58  45.09   0.19  -1.65 -42.52  -1.45   0.92   1.56
 86.75  43.96  -1.36  -5.39 -41.43  -6.74   2.02   6.18
 86.50  46.00   1.66  -0.42 176.62   1.24   1.04   1.49
 95.00  37.50  -0.58 -13.24  44.74 -13.82   6.33  13.54
 94.13  37.50  -0.60 -14.29  34.69 -14.88   6.84  14.59
 92.25  37.90  11.07  -7.57 202.70   3.50   9.32   9.80
 89.25  39.63  -4.41 -21.24 239.13 -25.64   8.42  23.75
 87.50  41.79  -2.52 -20.74  36.22 -23.26   9.11  22.11
 87.75  41.36  -2.74 -17.65  42.80 -20.39   7.46  19.17
 86.54  44.39  -0.77  -3.64 -47.54  -4.41   1.44   4.08
 87.25  42.23  -3.59 -10.15  27.68 -13.74   3.28  12.34
 88.00  40.93  -2.52 -18.92 229.61 -21.44   8.20  20.30
 91.00  38.33  14.95 -10.20 194.96   4.76  12.57  13.23
 90.25  38.76  11.64 -12.28  11.88  -0.63  11.96  11.97
 87.00  42.66  -4.39  -8.69   5.34 -13.08   2.15  11.53
 88.25  40.50   3.63  -2.59 -51.69   1.04   3.11   3.24
 93.12  37.48   5.00 -10.37  31.78  -5.37   7.68   8.98
 91.75  37.90  13.56  -8.27 198.57   5.28  10.91  11.83
 86.75  43.09  -3.84  -8.54 -18.31 -12.38   2.35  10.97
 89.50  39.20  -7.71 -34.25  38.42 -41.96  13.27  38.68
 94.57  37.25  -0.74 -13.72  39.08 -14.45   6.49  14.10
 86.23  45.42   0.67  -0.60 174.76   0.07   0.64   0.64
 86.28  44.79  -0.11  -1.35 -36.84  -1.47   0.62   1.42
 88.50  40.06   5.50  -1.05 163.13   4.45   3.27   5.05
 93.70  37.25   2.21 -11.55  32.53  -9.34   6.88  10.62
 86.50  43.53  -2.65  -7.44 -32.23 -10.10   2.39   9.07
 90.50  38.33  13.76 -12.85 196.09   0.91  13.30  13.33
 92.50  37.46   8.18  -8.92  26.58  -0.74   8.55   8.57
 88.75  39.63  -0.23  -5.09  41.68  -5.32   2.43   5.21
 91.25  37.90  14.63 -10.00 197.77   4.63  12.32  12.95
 89.75  38.76  -2.60 -17.38   1.64 -19.99   7.39  18.82
 86.25  43.96  -1.64  -4.92 -42.92  -6.56   1.64   5.91
 95.00  37.00  -0.65 -12.99  41.86 -13.64   6.17  13.32
 86.00  46.00   2.99  -0.41 185.49   2.58   1.70   2.80
 87.25  41.36  -2.38 -16.83  39.20 -19.22   7.23  18.14
 87.00  41.79  -1.73 -19.71  32.96 -21.43   8.99  20.62
 94.13  37.00  -0.44 -11.36  33.37 -11.80   5.46  11.59
 92.00  37.46  11.58  -8.67 202.05   2.91  10.12  10.43
 87.50  40.93  -2.73 -18.57 230.11 -21.31   7.92  20.08
 89.00  39.20  -1.11 -16.37  23.86 -17.48   7.63  16.95
 86.75  42.23  -3.03 -10.79  17.29 -13.82   3.88  12.58
 87.75  40.50  -2.38 -16.38 228.55 -18.75   7.00  17.69
 86.50  42.66  -3.59 -11.51  -2.81 -15.10   3.96  13.66
 93.25  37.03   4.27  -9.97  31.34  -5.70   7.12   8.66
 86.00  44.39  -1.22  -1.92 -47.43  -3.14   0.35   2.74
 90.75  37.90  14.36 -12.25 198.92   2.11  13.30  13.43
 90.00  38.33   9.82 -16.69  18.91  -6.86  13.25  14.53
 88.00  40.06   6.69  -3.13 147.59   3.55   4.91   5.79
 86.25  43.09  -3.28 -10.92 -20.27 -14.20   3.82  12.88
 91.50  37.46  13.37  -9.62 200.53   3.75  11.50  11.94
 89.25  38.76  -6.02 -26.95  28.14 -32.97  10.47  30.41
 92.75  37.03   6.91  -9.54  28.69  -2.62   8.23   8.53
 94.57  36.75  -0.68 -11.60  37.75 -12.27   5.46  11.95
 85.75  45.57   2.87  -0.64 189.52   2.23   1.76   2.61
 88.25  39.63   0.84  -6.48 228.35  -5.64   3.66   6.10
 85.74  44.99   1.16  -0.81 193.61   0.35   0.98   1.03
 86.00  43.53  -2.00  -7.23 -38.48  -9.23   2.61   8.41
 93.70  36.75   2.11  -9.74  32.62  -7.64   5.92   8.88
 92.25  37.03   9.52  -9.01 205.09   0.51   9.27   9.28
 90.25  37.90  12.64 -15.05  22.03  -2.41  13.84  14.00
 88.50  39.20  -0.98 -14.16  25.39 -15.14   6.59  14.67
 91.00  37.46  13.79 -11.26 201.28   2.53  12.52  12.71
 89.50  38.33  -6.99 -22.92  19.82 -29.91   7.97  27.10
 86.75  41.36  -0.86 -15.83  31.04 -16.69   7.48  16.27
 87.00  40.93  -2.48 -16.96 225.24 -19.44   7.24  18.33
 85.75  43.96  -1.45  -2.95 -55.97  -4.40   0.75   3.88
 86.50  41.79  -1.04 -17.16  28.64 -18.20   8.06  17.70
 95.00  36.50  -0.64 -11.38  40.25 -12.02   5.37  11.71
 85.50  46.00   5.56  -0.81 189.21   4.76   3.19   5.21
 87.25  40.50  -2.64 -16.75 230.89 -19.40   7.06  18.22
 86.25  42.23  -1.59 -12.28   3.05 -13.87   5.34  13.15
 91.75  37.03  11.60  -9.27 203.43   2.33  10.44  10.63
 88.75  38.76  -1.32 -17.58  23.03 -18.90   8.13  18.27
 87.50  40.06  17.90  -3.62 -56.36  14.28  10.76  16.39
 94.13  36.46  -0.34  -9.81  33.25 -10.15   4.73   9.98
 86.00  42.66  -2.55 -16.75 -14.75 -19.30   7.10  18.16
 93.00  36.60   4.84  -8.74  30.82  -3.90   6.79   7.59
 85.50  44.39   0.18  -1.70  31.25  -1.52   0.94   1.62
 90.50  37.46  12.99 -13.36  23.76  -0.37  13.18  13.18
 87.75  39.63   7.28  -6.06 151.80   1.22   6.67   6.76
 89.75  37.90   8.97 -17.97  28.08  -9.00  13.47  15.56
 85.75  43.09  -1.91 -11.47 -31.86 -13.38   4.78  12.54
 85.30  45.47   4.36  -1.18 192.59   3.18   2.77   3.91
 91.25  37.03  12.47 -10.25 203.65   2.22  11.36  11.52
 92.50  36.60   7.49  -8.50  27.81  -1.01   7.99   8.04
 89.00  38.33  -6.26 -28.21  28.14 -34.47  10.98  31.81
 94.57  36.25  -0.62  -9.65  36.62 -10.27   4.51   9.97
 88.00  39.20   1.17 -10.17  40.51  -8.99   5.67   9.63
 85.50  43.53  -0.79  -4.51 -58.26  -5.30   1.86   4.95
 92.00  36.60   9.61  -8.67 206.28   0.94   9.14   9.18
 90.00  37.46  10.86 -15.58  28.03  -4.72  13.22  13.84
 88.25  38.76  -1.28 -16.18  23.19 -17.46   7.45  16.86
 86.50  40.93   0.24  -8.03  19.61  -7.79   4.14   7.91
 86.25  41.36  -0.95 -11.27  25.52 -12.23   5.16  11.78
 93.75  36.17   1.62  -8.59  33.45  -6.97   5.10   7.90
 86.75  40.50  -1.38  -5.14 262.37  -6.52   1.88   5.95
 90.75  37.03  12.32 -11.74 205.41   0.58  12.03  12.04
 86.00  41.79  -0.56  -8.30  -1.53  -8.86   3.87   8.60
 89.25  37.90  -1.55 -19.56  38.50 -21.12   9.01  20.38
 85.12  44.89   4.26  -1.61 198.13   2.65   2.94   3.73
 85.25  43.96   1.31  -2.18  41.63  -0.87   1.74   1.90
 87.00  40.06  16.70  -6.02 -63.08  10.68  11.36  14.65
 93.25  36.17   3.94  -8.31  32.94  -4.37   6.13   7.20
 85.75  42.23  -1.15 -18.97 -25.94 -20.13   8.91  19.58
 95.00  36.00  -0.64 -10.32  39.61 -10.96   4.84  10.65
 85.00  46.00   6.56  -1.71 186.46   4.85   4.14   5.89
 91.50  36.60  10.84  -9.20 206.12   1.64  10.02  10.12
 87.25  39.63   8.74  -8.52 -75.30   0.22   8.63   8.63
 88.50  38.33  -1.94 -23.47  18.19 -25.42  10.76  24.50
 85.50  42.66  -0.98 -18.78 -29.68 -19.77   8.90  19.29
 92.75  36.17   5.87  -7.62  30.26  -1.75   6.74   6.91
 85.04  44.42   4.36  -3.50 209.05   0.86   3.93   4.00
 87.50  39.20  12.09 -10.52 167.26   1.57  11.31  11.39
 90.25  37.03  11.10 -13.48  28.54  -2.38  12.29  12.46
 89.50  37.46   7.18 -17.00  33.30  -9.82  12.09  14.78
 85.25  43.09   2.01  -7.50 -58.67  -5.50   4.76   6.73
 94.08  35.85  -0.42  -7.76  34.17  -8.18   3.67   7.98
 92.25  36.17   7.90  -7.67 208.96   0.22   7.79   7.79
 91.00  36.60  11.18 -10.18 207.26   1.00  10.68  10.72
 94.61  35.78  -0.58  -8.18  36.32  -8.77   3.80   8.49
 88.75  37.90   0.84 -22.63 241.38 -21.79  11.74  22.22
 87.75  38.76  12.38 -12.12 168.51   0.26  12.25  12.25
 85.00  43.53   2.47  -2.26 239.16   0.22   2.36   2.37
 84.69  45.39   6.74  -2.00 190.97   4.74   4.37   6.00
 86.00  40.93   8.49  -1.95 151.23   6.54   5.22   7.70
 86.25  40.50  15.75   0.05 -53.47  15.80   7.85  15.78
 85.75  41.36   2.02  -5.52  -4.70  -3.49   3.77   4.83
 91.75  36.17   9.21  -7.97 208.71   1.23   8.59   8.66
 86.50  40.06  18.08  -5.79 -62.82  12.30  11.93  15.99
 93.50  35.73   2.16  -6.74  35.46  -4.58   4.45   5.96
 88.00  38.33  13.28  -9.79 169.92   3.49  11.53  11.92
 85.50  41.79  -0.35 -16.33  -6.34 -16.68   7.99  16.51
 89.75  37.03   8.86 -14.96  32.47  -6.10  11.91  13.03
 90.50  36.60  10.65 -11.48  29.52  -0.83  11.06  11.08
 86.75  39.63   8.70  -9.91 -71.59  -1.22   9.31   9.36
 89.00  37.46   3.17 -16.45  39.55 -13.28   9.81  15.11
 85.25  42.23  -1.08 -26.41 -12.16 -27.49  12.66  26.97
 84.62  44.75   7.57  -2.47 200.57   5.10   5.02   6.69
 93.00  35.73   4.63  -6.48  33.63  -1.85   5.55   5.78
 84.69  44.09   6.17  -5.32 211.12   0.85   5.74   5.79
 95.00  35.50  -0.59  -7.92  37.78  -8.51   3.66   8.23
 84.50  46.00   8.34  -2.57 180.58   5.77   5.46   7.40
 87.00  39.20  -3.25 -12.22 256.20 -15.47   4.48  14.13
 91.25  36.17   9.90  -8.59 209.40   1.30   9.24   9.31
 85.00  42.66  -1.76 -13.23 -20.19 -14.99   5.73  14.19
 88.25  37.90   3.44  -7.52  15.94  -4.08   5.48   6.52
 92.50  35.73   6.31  -6.37  32.28  -0.06   6.34   6.34
 87.25  38.76  17.32 -24.75   1.54  -7.43  21.04  22.00
 90.00  36.60   9.30 -12.79  32.49  -3.50  11.05  11.45
 89.25  37.03   6.06 -15.48  35.91  -9.42  10.77  13.51
 84.75  43.09   6.47  -1.95 253.96   4.51   4.21   5.74
 92.00  35.73   7.73  -6.50 211.65   1.24   7.11   7.19
 90.75  36.17   9.88  -9.50 211.01   0.38   9.69   9.70
 87.50  38.33  22.54 -32.43   4.56  -9.90  27.48  28.79
 88.50  37.46   2.61 -14.14  31.76 -11.53   8.38  13.04
 94.39  35.29  -0.45  -5.51  37.63  -5.96   2.53   5.75
 85.75  40.50   9.76   1.22 -73.68  10.99   4.27  10.43
 85.50  40.93   2.40  -0.99 201.57   1.42   1.69   2.09
 93.75  35.30   0.06  -5.31  36.33  -5.25   2.69   5.28
 86.00  40.06  15.93  -2.61 -69.55  13.32   9.27  14.80
 84.23  45.56   8.96  -3.29 180.03   5.67   6.13   7.85
 84.50  43.53   8.91  -6.70 212.48   2.21   7.81   8.04
 85.25  41.36  -0.01 -10.01   0.10 -10.01   5.00  10.01
 86.25  39.63  11.39  -7.96 -62.83   3.43   9.68  10.12
 93.25  35.30   3.30  -4.76  38.03  -1.47   4.03   4.22
 91.50  35.73   8.65  -6.87 211.98   1.78   7.76   7.91
 85.00  41.79   1.38 -58.39  -8.14 -57.00  29.88  57.71
 84.19  45.00   9.13  -3.28 184.73   5.85   6.21   8.01
 87.75  37.90  23.43 -19.69 179.17   3.73  21.56  21.80
 86.50  39.20  -3.96  -6.25 -38.92 -10.21   1.14   8.92
 89.50  36.60   7.39 -13.73  35.28  -6.34  10.56  11.90
 84.21  44.44   9.85  -6.15 194.79   3.70   8.00   8.62
 90.25  36.17   9.20 -10.55  33.26  -1.36   9.87   9.94
 84.75  42.23   1.69 -53.30  -8.37 -51.61  27.49  52.47
 88.75  37.03   3.90 -14.99  35.23 -11.10   9.44  13.47
 92.75  35.30   5.11  -4.61 216.33   0.50   4.86   4.88
 84.25  43.96  10.63  -8.87 200.81   1.75   9.75   9.87
 86.75  38.76  -1.33 -27.14  14.67 -28.47  12.91  27.83
 95.00  35.00  -0.07  -2.47 238.64  -2.55   1.20   2.51
 84.00  46.00   9.65  -5.00 172.29   4.65   7.33   8.36
 84.50  42.66  20.38 -32.76  12.08 -12.39  26.57  28.65
 91.00  35.73   9.01  -7.48 213.11   1.54   8.24   8.35
 88.00  37.46   7.23 -17.44  15.98 -10.21  12.34  15.18
 92.25  35.30   6.46  -4.67 215.49   1.79   5.57   5.78
 87.00  38.33   8.99 -36.42  15.90 -27.43  22.70  32.86
 84.25  43.09  11.98  -4.97 207.08   7.02   8.48  10.43
 94.50  34.87  -0.03  -1.86 242.45  -1.89   0.92   1.88
 89.75  36.17   8.01 -11.49  35.55  -3.49   9.75  10.21
 89.00  36.60   5.40 -14.03  36.25  -8.63   9.71  12.25
 94.00  34.87   0.22  -1.83 239.62  -1.61   1.03   1.73
 91.75  35.30   7.52  -4.88 215.44   2.64   6.20   6.61
 85.25  40.50  10.86  -2.71 251.55   8.15   6.79   9.79
 85.50  40.06  14.99  -2.46 -88.07  12.53   8.73  13.92
 90.50  35.73   8.84  -8.25 214.82   0.59   8.54   8.56
 87.25  37.90  10.86 -38.15  15.47 -27.29  24.51  34.04
 85.00  40.93   6.45  -3.47 226.67   2.98   4.96   5.59
 88.25  37.03   3.61 -15.37  27.74 -11.76   9.49  13.92
 85.75  39.63  12.33  -3.76 -72.79   8.58   8.05  10.95
 93.50  34.87   2.46  -2.06 229.52   0.40   2.26   2.29
 84.75  41.36   2.49 -26.36 -11.84 -23.88  14.43  25.21
 83.75  45.39   9.87  -5.29 174.12   4.58   7.58   8.55
 84.00  43.53  13.52  -3.84 182.71   9.68   8.68  12.07
 86.00  39.20   6.10  -8.29 -47.38  -2.18   7.19   7.44
 84.50  41.79   1.95 -46.21  -7.44 -44.26  24.08  45.26
 93.00  34.87   4.18  -2.09 225.30   2.09   3.14   3.62
 83.75  44.75  10.51  -5.40 179.95   5.11   7.96   9.10
 91.25  35.30   8.16  -5.25 216.12   2.91   6.71   7.17
 86.25  38.76   4.44 -55.64   2.20 -51.19  30.04  53.55
 87.50  37.46  10.14 -30.66  16.91 -20.52  20.40  27.06
 89.25  36.17   6.57 -12.08  36.90  -5.51   9.32  10.47
 84.25  42.23   7.85  -6.38 153.64   1.47   7.11   7.23
 83.75  44.10  13.10  -6.76 180.40   6.34   9.93  11.35
 92.50  34.87   5.47  -2.07 222.81   3.41   3.77   4.79
 90.00  35.73   8.23  -9.03  36.70  -0.81   8.63   8.66
 88.50  36.60   3.98 -14.05  33.44 -10.07   9.01  12.54
 86.50  38.33  16.26 -42.34  16.70 -26.08  29.30  37.00
 84.00  42.66   8.27  -5.94 148.87   2.32   7.10   7.38
 95.00  34.50   0.12  -1.97 247.03  -1.85   1.04   1.91
 83.50  46.00  10.06  -6.55 168.23   3.50   8.30   8.84
 90.75  35.30   8.38  -5.77 217.37   2.61   7.08   7.43
 92.00  34.87   6.59  -2.13 221.72   4.46   4.36   5.83
 87.75  37.03   4.78 -19.05  22.58 -14.26  11.92  17.16
 86.75  37.90  44.28 -36.49 213.66   7.79  40.39  40.95
 94.29  34.44   0.34  -1.75 247.45  -1.41   1.04   1.61
 83.75  43.09   9.14   2.14 149.46  11.28   3.50  10.38
 85.00  40.06  15.51  -4.45 257.07  11.06   9.98  13.83
 93.75  34.43   0.99  -1.45 238.34  -0.46   1.22   1.28
 84.75  40.50  16.87  -5.72 241.96  11.15  11.29  14.86
 85.25  39.63  11.64  -2.22 266.50   9.42   6.93  10.70
 89.50  35.73   7.34  -9.64  38.08  -2.30   8.49   8.72
 88.75  36.17   5.24 -12.23  36.07  -6.99   8.74  10.63
 84.50  40.93  14.39  -9.39 227.91   5.00  11.89  12.66
 91.50  34.87   7.43  -2.28 221.58   5.16   4.85   6.60
 85.50  39.20   6.59  -2.28 -64.48   4.31   4.43   5.79
 83.32  45.50   9.84  -7.29 167.46   2.55   8.57   8.85
 93.25  34.43   2.89  -1.74 230.12   1.16   2.31   2.52
 87.00  37.46  11.03 -37.76  24.11 -26.73  24.39  33.63
 90.25  35.30   8.23  -6.34 218.91   1.88   7.29   7.47
 84.25  41.36   6.22 -22.82  22.11 -16.59  14.52  20.43
 88.00  36.60   3.68 -14.85  27.92 -11.17   9.26  13.39
 83.32  45.00   9.69  -6.92 168.44   2.77   8.31   8.65
 85.75  38.76   7.02 -48.54  -6.11 -41.52  27.78  45.44
 83.50  43.53  13.43  -4.36 163.64   9.08   8.90  11.87
 84.00  41.79  -3.30 -25.16  10.78 -28.46  10.93  26.96
 92.75  34.43   4.31  -1.83 227.10   2.49   3.07   3.75
 83.31  44.47  10.26  -8.99 174.42   1.26   9.62   9.69
 86.00  38.33  16.90 -43.79  14.66 -26.89  30.35  38.25
 91.00  34.87   7.94  -2.51 222.17   5.44   5.22   7.03
 87.25  37.03   6.47 -23.69  24.35 -17.22  15.08  21.20
 83.75  42.23  -3.41 -16.42  -5.31 -19.83   6.50  18.36
 92.25  34.43   5.53  -1.88 225.49   3.65   3.71   4.87
 89.00  35.73   6.43  -9.92  38.13  -3.49   8.17   8.71
 89.75  35.30   7.82  -6.86 220.27   0.96   7.34   7.38
 86.25  37.90  16.56 -44.18  14.73 -27.61  30.37  38.65
 83.25  43.96  13.42 -13.24 171.88   0.18  13.33  13.33
 88.25  36.17   4.52 -12.27  32.36  -7.75   8.40  10.75
 83.50  42.66   6.36 -13.90  -3.96  -7.54  10.13  12.05
 95.00  34.00   0.14  -1.91 251.64  -1.77   1.02   1.84
 83.00  46.00   8.50  -8.25 162.81   0.25   8.37   8.38
 90.50  34.87   8.15  -2.80 223.29   5.35   5.47   7.17
 94.50  34.00   0.40  -1.93 249.03  -1.53   1.16   1.77
 91.75  34.43   6.55  -2.00 224.84   4.55   4.27   5.81
 87.50  36.60   4.67 -16.48  23.72 -11.81  10.57  14.71
 94.00  34.00   0.45  -1.49 244.20  -1.04   0.97   1.33
 86.50  37.46  46.01 -36.52 213.35   9.49  41.27  42.08
 84.50  40.06  15.72  -8.21 239.88   7.51  11.97  13.62
 84.75  39.63  12.76  -7.72 240.01   5.04  10.24  11.13
 84.25  40.50  14.59  -6.86 240.03   7.73  10.73  12.64
 93.50  34.00   1.79  -1.67 235.89   0.12   1.73   1.74
 85.00  39.20   8.12  -2.30 227.38   5.82   5.21   7.25
 83.25  43.09   9.28   1.13 -47.18  10.40   4.07   9.89
 84.00  40.93   9.60  -8.08 235.05   1.52   8.84   8.94
 82.91  45.29   7.97  -8.54 -16.33  -0.57   8.26   8.27
 85.25  38.76   6.37 -32.81 -11.83 -26.43  19.59  30.13
 89.25  35.30   7.32  -7.16 220.81   0.16   7.24   7.24
 88.50  35.73   5.82  -9.85  35.99  -4.03   7.83   8.58
 91.25  34.43   7.31  -2.18 224.92   5.14   4.74   6.50
 93.00  34.00   3.11  -1.79 231.94   1.33   2.45   2.70
 83.75  41.36  -8.71 -30.34  -0.72 -39.05  10.82  35.51
 82.89  44.75   7.72  -9.54 -15.15  -1.82   8.63   8.77
 86.75  37.03  14.81 -24.49  26.75  -9.68  19.65  21.37
 90.00  34.87   8.12  -3.11 224.60   5.01   5.61   7.10
 85.50  38.33  24.41 -39.60   4.06 -15.20  32.01  34.61
 87.75  36.17   5.00 -12.56  26.93  -7.57   8.78  10.96
 82.89  44.25   5.35 -11.64 -22.62  -6.28   8.49  10.09
 83.50  41.79  -7.38 -37.74  -5.12 -45.12  15.18  41.92
 92.50  34.00   4.42  -1.86 229.58   2.55   3.14   3.84
 82.94  43.64   0.25  -7.21 -24.78  -6.96   3.73   7.09
 85.75  37.90  25.43 -38.75   7.25 -13.31  32.09  34.10
 90.75  34.43   7.81  -2.41 225.54   5.40   5.11   6.92
 83.25  42.23   7.58 -20.04  21.81 -12.46  13.81  17.52
 87.00  36.60   7.94 -17.13  20.71  -9.19  12.54  14.85
 92.00  34.00   5.60  -1.98 228.26   3.63   3.79   4.92
 88.75  35.30   6.98  -7.16  39.81  -0.18   7.07   7.07
 86.00  37.46  25.48 -39.76   7.36 -14.28  32.62  34.89
 89.50  34.87   8.00  -3.35 225.61   4.65   5.67   6.96
 88.00  35.73   6.03  -9.63  31.51  -3.61   7.83   8.43
 83.00  42.66   4.14 -18.64  14.40 -14.49  11.39  16.95
 84.25  39.63  16.94 -16.24 235.04   0.70  16.59  16.60
 91.50  34.00   6.58  -2.14 227.73   4.45   4.36   5.82
 82.50  46.00   9.46  -8.05 162.59   1.41   8.76   8.84
 84.00  40.06  11.55 -15.80  43.56  -4.24  13.68  14.16
 90.25  34.43   8.07  -2.67 226.44   5.40   5.37   7.12
 84.50  39.20  13.35 -13.12 232.04   0.24  13.24  13.24
 87.25  36.17   7.48 -12.79  21.61  -5.32  10.14  11.13
 83.75  40.50  10.64  -5.80 243.57   4.84   8.22   9.22
 86.25  37.03  53.29  -9.28 214.02  44.00  31.29  49.30
 84.75  38.76   7.32  -9.45  22.80  -2.13   8.38   8.58
 82.45  45.50   8.48  -8.89 -19.13  -0.41   8.69   8.69
 83.50  40.93   2.17 -31.54  14.18 -29.36  16.85  30.51
 82.45  45.00   6.53  -9.19 -18.44  -2.66   7.86   8.19
 82.75  43.09  -0.35  -8.23 233.30  -8.57   3.94   8.41
 85.00  38.33   7.86 -40.10  -7.75 -32.24  23.98  36.80
 83.25  41.36  -0.07 -46.73  19.68 -46.79  23.33  46.76
 82.45  44.50   8.07  -2.48 200.76   5.58   5.28   7.16
 89.00  34.87   7.95  -3.42 225.69   4.53   5.69   6.91
 91.00  34.00   7.33  -2.34 227.81   4.98   4.83   6.48
 88.25  35.30   7.14  -6.85 216.75   0.29   7.00   7.00
 86.50  36.60  18.37 -13.34 198.27   5.03  15.86  16.45
 85.25  37.90  27.73 -33.56  -0.31  -5.83  30.65  31.06
 89.75  34.43   8.19  -2.89 227.26   5.30   5.54   7.20
 82.45  44.00   5.30 -13.80 241.71  -8.50   9.55  12.06
 87.50  35.73   7.74  -9.41  25.78  -1.66   8.58   8.70
 83.00  41.79   1.26 -44.59  14.14 -43.33  22.93  43.97
 82.50  43.53  -0.20 -10.80  44.87 -11.00   5.30  10.90
 85.50  37.46  29.31 -30.59   1.76  -1.27  29.95  29.97
 90.50  34.00   7.83  -2.57 228.28   5.26   5.20   6.92
 82.75  42.23   8.90 -45.38  18.67 -36.48  27.14  41.65
 86.75  36.17  13.55 -11.93 197.36   1.62  12.74  12.82
 85.75  37.03  39.67   2.35 202.58  42.02  18.66  40.90
 88.50  34.87   8.21  -3.25 224.20   4.96   5.73   7.16
 89.25  34.43   8.31  -3.01 227.53   5.30   5.66   7.29
 87.75  35.30   8.29  -6.40 211.83   1.89   7.34   7.52
 83.75  39.63  11.33 -12.26 230.97  -0.93  11.80  11.83
 84.00  39.20  15.37 -16.08 235.17  -0.71  15.72  15.73
 82.50  42.66   1.32 -27.42  23.23 -26.10  14.37  26.78
 83.50  40.06   6.12 -14.33  33.46  -8.21  10.23  12.45
 84.25  38.76  10.55 -11.86 227.63  -1.32  11.21  11.26
 83.25  40.50   9.72  -8.13 230.45   1.58   8.93   9.03
 90.00  34.00   8.16  -2.78 228.86   5.38   5.47   7.18
 82.00  46.00   8.89  -8.06 162.47   0.83   8.48   8.51
 82.02  45.25   7.67 -10.07 -21.52  -2.40   8.87   9.11
 84.50  38.33   6.68 -12.49  23.43  -5.81   9.59  10.83
 86.00  36.60  30.92  -9.46 191.79  21.46  20.19  27.44
 87.00  35.73  11.69  -9.00 200.55   2.69  10.34  10.60
 83.00  40.93   8.16 -32.89  13.25 -24.73  20.53  29.67
 82.02  44.75   4.28  -6.51 -10.44  -2.23   5.39   5.73
 84.75  37.90   6.03 -26.09  -7.25 -20.06  16.06  23.66
 82.02  44.25   5.36 -14.01  31.93  -8.64   9.69  12.24
 82.75  41.36   1.78 -45.24  14.31 -43.47  23.51  44.38
 88.75  34.43   8.58  -2.93 226.72   5.65   5.76   7.55
 85.00  37.46  18.77 -37.62  -4.76 -18.85  28.19  32.58
 88.00  34.87   9.05  -2.86 220.86   6.19   5.96   8.01
 86.25  36.17  22.52 -10.20 193.73  12.32  16.36  19.53
 82.14  43.16   4.61  -7.77  22.51  -3.16   6.19   6.77
 82.02  43.75   4.36  -8.34  22.71  -3.98   6.35   7.22
 82.50  41.79   0.61 -56.76 -11.81 -56.14  28.69  56.45
 89.50  34.00   8.40  -2.91 229.20   5.48   5.65   7.38
 87.25  35.30  10.89  -5.91 206.32   4.98   8.40   9.44
 85.25  37.03  28.85  -4.88 188.39  23.96  16.86  26.74
 82.25  42.23  -1.98 -17.61  -6.35 -19.59   7.82  18.68
 86.50  35.73  17.63  -8.30 196.63   9.33  12.96  15.28
 83.50  39.20  12.72 -14.61 233.27  -1.89  13.66  13.76
 85.50  36.60  30.75 -13.48 182.89  17.28  22.12  26.70
 83.25  39.63   6.92 -11.79  43.50  -4.87   9.36  10.26
 83.75  38.76  12.68 -14.38 232.32  -1.71  13.53  13.61
 83.00  40.06   1.75 -11.23  29.01  -9.48   6.49  10.46
 88.25  34.43   9.21  -2.64 224.43   6.57   5.93   8.22
 84.00  38.33   6.45  -9.99 225.86  -3.54   8.22   8.77
 89.00  34.00   8.68  -2.90 228.85   5.77   5.79   7.65
 81.59  45.50  10.38  -7.05 163.68   3.34   8.72   9.18
 82.00  42.66   3.28 -14.46 -25.29 -11.18   8.87  13.13
 87.50  34.87  10.77  -2.36 216.07   8.41   6.57   9.80
 82.75  40.50   9.62  -8.43 231.09   1.19   9.03   9.09
 81.59  45.00   7.56 -17.50 -29.22  -9.94  12.53  15.20
 84.25  37.90   4.77 -14.73 -14.02  -9.96   9.75  13.01
 82.50  40.93   1.72 -32.24   0.73 -30.52  16.98  31.42
 81.59  44.50   2.09 -13.21  44.08 -11.11   7.65  12.29
 81.50  46.00  10.23  -5.15 168.37   5.08   7.69   8.86
 85.75  36.17  28.23 -10.34 189.34  17.89  19.28  24.74
 86.75  35.30  14.94  -5.43 201.64   9.51  10.18  13.09
 84.50  37.46   3.78 -25.30   0.05 -21.52  14.54  23.64
 81.59  44.00   5.98  -8.07  17.61  -2.09   7.03   7.26
 82.25  41.36  11.15 -45.65 -25.04 -34.50  28.40  41.22
 81.62  43.47   7.64  -8.41  10.68  -0.78   8.02   8.05
 84.75  37.03   8.13 -25.77  -0.71 -17.64  16.95  22.82
 88.50  34.00   9.15  -2.69 227.40   6.46   5.92   8.15
 87.75  34.43  10.42  -2.18 220.65   8.24   6.30   9.52
 86.00  35.73  23.14  -7.88 193.64  15.26  15.51  20.38
 82.00  41.79  13.84 -26.98 -37.93 -13.13  20.41  23.36
 87.00  34.87  13.48  -1.88 210.98  11.60   7.68  12.65
 81.64  42.93  10.45  -5.64 197.82   4.81   8.04   9.06
 85.00  36.60  21.40 -21.35 182.93   0.06  21.38  21.38
 83.00  39.20   8.57  -5.92 234.61   2.65   7.25   7.60
 83.25  38.76  11.70  -8.20 238.28   3.50   9.95  10.40
 82.75  39.63   3.17 -10.44  19.53  -7.28   6.81   9.27
 81.67  42.35   4.77 -11.31 -12.74  -6.54   8.04   9.83
 86.25  35.30  19.34  -5.05 198.24  14.29  12.19  17.37
 83.50  38.33   4.88  -8.93 229.23  -4.05   6.91   7.74
 82.50  40.06   0.24 -14.73  24.46 -14.50   7.48  14.62
 85.25  36.17  26.69 -14.78 187.04  11.92  20.73  23.16
 83.75  37.90  -1.27  -8.44  -7.32  -9.71   3.58   9.14
 82.25  40.50  -4.52  -8.05  17.34 -12.57   1.76  11.03
 81.13  45.29  16.22  -5.95 167.64  10.27  11.08  14.21
 88.00  34.00  10.01  -2.29 224.62   7.72   6.15   9.08
 81.16  44.75   6.30  -8.69 -25.76  -2.39   7.50   7.78
 87.25  34.43  12.34  -1.66 216.01  10.68   7.00  11.60
 84.00  37.46  -0.73 -25.82   5.49 -26.55  12.54  26.19
 82.00  40.93  -2.32 -66.93 -19.01 -69.25  32.31  68.12
 81.16  44.25   6.58 -12.29 -10.55  -5.71   9.44  10.66
 85.50  35.73  24.90  -8.69 191.66  16.22  16.79  21.89
 81.00  46.00  12.37  -3.07 168.64   9.30   7.72  11.16
 84.25  37.03  -0.36 -26.29   5.69 -26.65  12.97  26.47
 86.50  34.87  16.78  -1.51 206.57  15.27   9.15  16.08
 81.16  43.75   6.96  -9.60  -1.03  -2.64   8.28   8.59
 81.75  41.36   6.16 -66.04 -22.33 -59.88  36.10  63.19
 84.50  36.60   2.49 -27.52   8.50 -25.02  15.01  26.36
 81.16  43.25   7.41 -11.62  17.28  -4.22   9.52  10.19
 81.50  41.79  24.80 -20.18 -53.21   4.61  22.49  22.84
 85.75  35.30  22.16  -5.01 195.99  17.15  13.59  20.13
 87.50  34.00  11.38  -1.76 220.72   9.62   6.57  10.61
 84.75  36.17  16.70 -20.27  12.31  -3.56  18.49  18.74
 86.75  34.43  14.85  -1.20 211.44  13.64   8.02  14.28
 81.16  42.75   7.39  -9.48  29.68  -2.09   8.44   8.63
 82.75  38.76  11.75  -0.07 255.61  11.68   5.91  11.72
 82.50  39.20   6.10   0.98 166.08   7.09   2.56   6.65
 83.00  38.33   5.87  -0.13 241.10   5.74   3.00   5.80
 82.25  39.63   3.15  -8.90  17.02  -5.75   6.02   7.81
 83.25  37.90   1.95  -7.26 -30.94  -5.32   4.61   6.51
 80.73  45.54  17.21  -3.44 174.09  13.76  10.32  15.77
 82.00  40.06   0.02 -17.70  20.14 -17.69   8.86  17.69
 80.72  45.00  20.39 -15.10 153.84   5.28  17.75  18.33
 86.00  34.87  19.63  -1.32 203.18  18.30  10.47  19.00
 81.18  42.26   7.40 -15.37  39.91  -7.97  11.39  13.32
 83.50  37.46   4.93 -28.36  -9.54 -23.43  16.64  26.24
 85.00  35.73  21.24 -10.52 192.40  10.72  15.88  18.40
 81.75  40.50  -2.00 -34.68   1.63 -36.68  16.34  35.72
 80.72  44.50   1.23 -16.67  -2.38 -15.44   8.95  16.09
 83.75  37.03   2.58 -22.98  -2.86 -20.40  12.78  21.81
 80.72  44.00   3.44 -14.99 -11.34 -11.55   9.22  13.60
 81.50  40.93   1.56 -53.69  -1.78 -52.14  27.63  52.93
 87.00  34.00  13.30  -1.23 216.38  12.07   7.27  12.73
 84.00  36.60   0.43 -27.40   3.47 -26.96  13.91  27.18
 85.25  35.30  21.82  -5.39 195.13  16.43  13.61  19.69
 80.72  43.50   0.79 -15.42   1.12 -14.63   8.11  15.04
 80.50  46.00  11.07  -1.32 175.91   9.75   6.20  10.48
 86.25  34.43  17.42  -0.89 207.61  16.53   9.15  16.99
 81.25  41.36   9.97 -45.23  13.11 -35.26  27.60  41.16
 84.25  36.17   5.22 -21.42  17.29 -16.20  13.32  19.35
 80.72  43.00   1.73 -15.85  28.69 -14.12   8.79  15.06
 85.50  34.87  20.82  -1.33 200.84  19.49  11.07  20.19
 82.25  38.76   7.77   4.51 -87.17  12.28   1.63  10.76
 82.50  38.33   9.86   4.24 247.36  14.10   2.81  12.53
 82.00  39.20   4.96   1.85 181.28   6.82   1.55   6.11
 84.50  35.73  14.33 -11.42 195.27   2.91  12.87  13.12
 82.75  37.90   5.06   3.13 228.03   8.19   0.97   7.16
 80.72  42.50   5.17 -16.79  33.64 -11.62  10.98  14.89
 81.75  39.63   3.36  -5.72  16.51  -2.36   4.54   4.97
 86.50  34.00  15.54  -0.80 212.36  14.74   8.17  15.16
 83.00  37.46   7.16 -28.95  -8.39 -21.79  18.06  26.12
 80.85  41.90  10.08 -21.47  20.26 -11.39  15.77  18.61
 80.28  45.39  20.68  -0.87 181.75  19.81  10.78  20.26
 81.50  40.06   2.81 -18.87   2.87 -16.05  10.84  17.63
 80.29  44.75   9.28  -9.62 -14.12  -0.34   9.45   9.46
 83.25  37.03   6.80 -29.90  -8.91 -23.10  18.35  27.15
 85.75  34.43  19.25  -0.73 204.70  18.53   9.99  18.90
 81.25  40.50   6.08 -45.17  -1.79 -39.09  25.62  42.46
 80.29  44.25   6.15 -23.80  -3.55 -17.65  14.97  21.39
 84.75  35.30  18.57  -5.69 195.61  12.88  12.13  16.48
 83.50  36.60   5.18 -33.61  -8.33 -28.43  19.40  31.34
 80.29  43.75  -0.06 -17.48   0.28 -17.54   8.71  17.51
 81.00  40.93   6.25 -49.62  -0.77 -43.37  27.93  46.81
 83.75  36.17   3.12 -23.79   1.17 -20.67  13.45  22.39
 80.29  43.25  -1.73 -20.06  12.00 -21.80   9.16  20.98
 85.00  34.87  19.88  -1.42 199.42  18.46  10.65  19.21
 80.75  41.36   5.64 -39.44  -2.03 -33.80  22.54  36.94
 86.00  34.00  17.62  -0.52 209.08  17.10   9.07  17.36
 80.00  46.00   6.33  -0.80 177.89   5.53   3.56   5.97
 84.00  35.73   8.19  -9.84  14.84  -1.65   9.02   9.13
 80.29  42.75   1.36 -19.84  20.83 -18.48  10.60  19.20
 82.00  38.33   8.84   4.83 254.44  13.67   2.00  12.01
 81.75  38.76   6.87   3.38 -87.80  10.25   1.74   9.05
 82.25  37.90  23.04   3.94 205.85  26.98   9.55  25.24
 81.50  39.20   3.42   2.48 199.62   5.89   0.47   5.13
 85.25  34.43  19.73  -0.69 202.54  19.04  10.21  19.39
 82.50  37.46  19.72 -20.44   6.00  -0.71  20.08  20.09
 79.86  45.50   1.20  -1.64 -14.47  -0.44   1.42   1.47
 81.25  39.63   4.20  -3.64 174.45   0.56   3.92   3.95
 84.25  35.30  14.20  -5.25 195.42   8.95   9.73  12.44
 79.86  45.00   8.40  -3.14 212.49   5.26   5.77   7.35
 80.29  42.25   9.05 -25.10  17.85 -16.05  17.07  22.02
 82.75  37.03  15.25 -27.48  -2.55 -12.22  21.37  23.84
 81.00  40.06   7.10 -20.68 -10.42 -13.57  13.89  18.20
 79.86  44.50   4.43 -22.24  16.42 -17.81  13.33  20.39
 83.00  36.60  13.15 -37.50  -9.62 -24.35  25.33  32.96
 79.86  44.00   2.52 -23.79   0.83 -21.27  13.15  22.63
 80.75  40.50   6.13 -39.21  -2.95 -33.08  22.67  36.54
 80.32  41.71  16.97 -26.61  25.50  -9.64  21.79  23.34
 84.50  34.87  17.37  -1.43 198.05  15.94   9.40  16.70
 85.50  34.00  18.96  -0.35 206.50  18.61   9.66  18.78
 83.25  36.17   8.83 -36.61 -10.77 -27.78  22.72  33.09
 79.86  43.50   4.11 -22.33   1.68 -18.22  13.22  20.59
 80.50  40.93   2.34 -42.56  -1.17 -40.22  22.45  41.44
 83.50  35.73   6.95 -10.05  -6.84  -3.10   8.50   8.91
 79.86  43.00   8.88 -31.38   7.22 -22.50  20.13  28.02
 84.75  34.43  18.76  -0.68 200.57  18.08   9.72  18.43
 80.26  41.30   3.94 -38.51   4.57 -34.58  21.22  36.70
 79.50  46.00  -0.52  -9.80 -64.56 -10.33   4.64  10.07
 83.75  35.30  11.14  -4.35 188.85   6.79   7.74   9.72
 81.50  38.33   6.61  -0.36 -80.25   6.25   3.48   6.44
 81.75  37.90   4.41   1.13 187.35   5.55   1.64   5.08
 81.25  38.76   6.15   0.23 -83.52   6.38   2.96   6.27
 79.86  42.50   8.99 -29.65   8.19 -20.66  19.32  26.33
 82.00  37.46  16.57  -6.77 202.18   9.80  11.67  14.43
 81.00  39.20   3.54   1.30 137.15   4.84   1.12   4.34
 79.44  45.29  -1.10  -3.93 -50.14  -5.03   1.42   4.58
 82.25  37.03  16.35 -12.95 192.70   3.40  14.65  14.95
 80.75  39.63   6.49  -6.28 164.27   0.21   6.38   6.39
 85.00  34.00  19.22  -0.25 204.23  18.97   9.73  19.10
 79.42  44.75   8.03  -5.10 207.87   2.93   6.57   7.04
 82.50  36.60  14.86 -16.19   7.39  -1.33  15.52  15.57
 84.00  34.87  14.52  -1.37 194.50  13.15   7.94  13.88
 79.86  42.00  12.65 -26.43  16.52 -13.78  19.54  22.89
 80.50  40.06   4.92 -18.88  -6.55 -13.96  11.90  16.96
 79.42  44.25   6.11 -18.78  14.52 -12.68  12.45  16.60
 82.75  36.17  14.36 -39.49  -7.25 -25.12  26.92  34.62
 79.42  43.75   3.08 -26.76  -2.82 -23.68  14.92  25.36
 80.25  40.50   3.64 -23.75  -9.79 -20.11  13.69  22.16
 84.25  34.43  16.85  -0.67 197.75  16.18   8.76  16.53
 83.00  35.73  11.93 -13.13  -9.77  -1.20  12.53  12.57
 79.86  41.50   4.54 -39.51  13.45 -34.97  22.02  37.45
 79.42  43.25   7.91 -36.18  -1.80 -28.27  22.04  32.94
 83.25  35.30  11.37  -5.32 177.80   6.04   8.35   9.85
 79.42  42.75   8.73 -42.85   1.24 -34.13  25.79  39.23
 84.50  34.00  18.42  -0.17 201.64  18.25   9.29  18.33
 79.86  41.00  -1.96 -27.75   2.26 -29.71  12.90  28.78
 81.25  37.90   1.20  -5.42 -66.93  -4.22   3.31   4.93
 81.00  38.33   5.71  -4.55 -77.04   1.15   5.13   5.23
 81.50  37.46   3.20  -8.26  44.09  -5.06   5.73   7.21
 80.75  38.76   5.21  -0.80 -77.61   4.42   3.01   4.87
 79.00  46.00  -0.55  -5.54 -80.20  -6.09   2.49   5.83
 81.75  37.03  18.22  -9.58 205.19   8.63  13.90  15.78
 83.50  34.87  12.67  -1.74 187.19  10.94   7.20  11.90
 80.50  39.20   4.56  -1.34 143.35   3.22   2.95   4.06
 78.99  45.50   1.69  -6.90 -73.10  -5.21   4.29   6.23
 79.42  42.25   9.59 -32.20   7.14 -22.61  20.89  28.64
 78.99  45.00  -1.55  -2.69 -45.18  -4.25   0.57   3.72
 82.00  36.60  16.50 -11.49 196.91   5.01  13.99  14.65
 80.25  39.63   1.67  -8.88 -22.85  -7.21   5.28   8.17
 78.99  44.50   9.11 -15.65   7.42  -6.54  12.38  13.61
 82.25  36.17  16.51 -11.69 196.86   4.82  14.10  14.71
 80.00  40.06  -1.22 -25.15 -21.07 -26.37  11.97  25.78
 78.99  44.00   4.49 -14.15  -1.33  -9.65   9.32  12.52
 83.75  34.43  14.83  -0.81 192.95  14.02   7.82  14.44
 79.42  41.75  11.66 -36.12  18.50 -24.46  23.89  31.93
 82.50  35.73  16.74 -12.29 181.06   4.45  14.52  15.02
 78.99  43.50   8.13 -37.91  -9.60 -29.78  23.02  34.57
 79.76  40.45  -2.65 -17.65 -17.46 -20.30   7.50  19.12
 82.75  35.30  12.57  -6.99 175.88   5.58   9.78  10.90
 84.00  34.00  16.91  -0.18 198.05  16.73   8.55  16.82
 79.42  41.25  -0.36 -26.74   8.50 -27.11  13.19  26.93
 78.99  43.00  10.03 -43.48  -7.26 -33.45  26.75  39.43
 83.00  34.87  12.04  -2.75 180.82   9.29   7.40  10.93
 78.99  42.50  10.58 -47.26  -4.83 -36.68  28.92  42.96
 80.75  37.90  -2.05  -3.59 -63.27  -5.64   0.77   4.94
 81.00  37.46  -1.62  -7.00 240.86  -8.62   2.69   7.93
 80.50  38.33   2.69  -1.59 -74.92   1.10   2.14   2.35
 81.25  37.03   7.10 -12.68 228.75  -5.58   9.89  11.01
 80.25  38.76   4.44   0.14 -62.56   4.58   2.15   4.51
 81.50  36.60   9.28 -11.70  42.20  -2.42  10.49  10.70
 78.56  45.25   6.30  -2.40 -52.39   3.90   4.35   5.51
 80.00  39.20   3.82  -5.08 -28.63  -1.27   4.45   4.58
 83.25  34.43  13.31  -1.37 187.02  11.94   7.34  12.68
 78.56  44.75   6.76  -6.83   1.93  -0.07   6.79   6.79
 78.50  46.00   3.36  -3.57 -63.49  -0.21   3.46   3.47
 81.75  36.17   9.17 -10.73  40.62  -1.56   9.95  10.04
 78.99  42.00   8.49 -37.84   5.22 -29.35  23.17  34.39
 79.75  39.63   4.01 -22.46 -23.19 -18.45  13.23  20.75
 78.56  44.25   7.95 -14.60  -8.32  -6.65  11.28  12.66
 82.00  35.73   3.13  -9.15  34.28  -6.02   6.14   8.06
 78.56  43.75   7.81 -21.51  -7.47 -13.70  14.66  18.86
 79.50  40.06   0.95 -18.31 -26.34 -17.35   9.63  17.85
 83.50  34.00  15.23  -0.49 193.30  14.74   7.86  14.99
 78.99  41.50   2.47 -30.57   9.44 -28.10  16.52  29.41
 82.25  35.30   9.36  -7.05 180.80   2.31   8.20   8.44
 78.56  43.25   9.64 -41.92  -8.68 -32.28  25.78  38.03
 79.20  40.61  -3.56 -16.52 -15.95 -20.09   6.48  18.56
 82.50  34.87  10.78  -3.44 179.88   7.34   7.11   9.54
 78.56  42.75  10.74 -45.79  -5.35 -35.05  28.26  41.48
 78.99  41.00  -7.27 -20.24 -11.19 -27.51   6.48  24.69
 80.50  37.46  -0.03  -5.52 226.87  -5.55   2.75   5.54
 80.25  37.90  -2.22  -4.71 240.29  -6.93   1.25   6.13
 80.75  37.03  -1.28  -6.40 236.63  -7.69   2.56   7.13
 80.00  38.33   1.18  -1.02 242.96   0.16   1.10   1.11
 82.75  34.43  12.04  -2.12 183.17   9.92   7.08  11.13
 81.00  36.60   8.11 -11.69 227.18  -3.58   9.90  10.37
 78.56  42.25  10.14 -48.07  -3.63 -37.93  29.10  43.89
 79.75  38.76   3.41   0.07 -72.36   3.47   1.67   3.44
 78.12  45.50  13.12  -1.39 143.51  11.73   7.25  12.48
 78.12  45.00   7.74   0.08 139.56   7.82   3.83   7.78
 81.25  36.17   9.28 -10.50  42.26  -1.22   9.89   9.95
 79.50  39.20   4.82  -3.57 160.84   1.25   4.19   4.33
 78.12  44.50   6.02  -7.91  -2.36  -1.90   6.96   7.16
 81.50  35.73   4.48  -7.23 225.96  -2.75   5.86   6.32
 83.00  34.00  13.69  -1.18 188.65  12.52   7.43  13.14
 78.56  41.75   5.27 -31.92  -0.84 -26.65  18.59  29.64
 79.25  39.63   0.59 -26.39 -26.95 -25.80  13.49  26.10
 78.12  44.00   8.73 -14.70  -6.16  -5.97  11.72  12.81
 78.00  46.00   6.68  -2.29 -45.31   4.39   4.48   5.88
 81.75  35.30   5.01  -5.11  12.26  -0.10   5.06   5.06
 78.12  43.50   9.07 -31.30  -7.47 -22.24  20.19  27.90
 79.00  40.06  -0.79 -17.66 -24.76 -18.45   8.43  18.07
 78.56  41.25   1.07 -21.56  -7.89 -20.49  11.31  21.04
 82.00  34.87   8.56  -3.33 184.90   5.22   5.94   7.47
 78.12  43.00   7.96 -47.61  -8.92 -39.65  27.79  44.17
 82.25  34.43  10.38  -2.55 183.56   7.83   6.47   9.37
 78.59  40.77   1.08 -20.31 -29.06 -19.23  10.70  19.79
 78.12  42.50   6.47 -48.46  -4.92 -41.99  27.47  45.57
 80.00  37.46   1.67  -5.84 225.19  -4.17   3.75   5.21
 80.25  37.03   4.50  -5.77  40.79  -1.27   5.13   5.25
 79.75  37.90  -1.26  -5.63 240.29  -6.89   2.18   6.35
 80.50  36.60   3.87  -5.08 226.78  -1.20   4.48   4.60
 79.50  38.33  -0.10  -4.81  41.30  -4.92   2.36   4.87
 80.75  36.17   7.75  -5.18 230.85   2.57   6.46   6.84
 82.50  34.00  12.18  -1.95 186.08  10.23   7.06  11.33
 79.25  38.76   1.94  -6.63 -33.34  -4.69   4.29   5.91
 78.12  42.00   6.82 -41.42  -1.91 -34.60  24.12  38.47
 77.69  44.75   2.91  -5.18 261.91  -2.27   4.05   4.50
 77.66  45.29   9.44  -0.43 -46.22   9.01   4.94   9.24
 81.00  35.73   9.22  -3.58 221.83   5.64   6.40   8.05
 79.00  39.20   0.85  -6.55 -34.25  -5.70   3.70   6.17
 77.69  44.25   1.69 -15.86  11.92 -14.17   8.77  15.09
 78.56  40.25   0.04 -21.05 -24.96 -21.01  10.55  21.03
 81.25  35.30   7.00  -3.16 205.97   3.84   5.08   6.07
 78.75  39.63  -1.91 -25.56 -29.21 -27.47  11.82  26.57
 77.69  43.75   8.18 -18.99   2.34 -10.81  13.58  16.50
 78.12  41.50  10.36 -27.76  -0.15 -17.40  19.06  24.30
 81.50  34.87   7.37  -3.13 196.24   4.24   5.25   6.41
 77.50  46.00  11.28  -2.90 139.21   8.38   7.09  10.14
 77.69  43.25   4.93 -40.52 -12.32 -35.59  22.73  38.30
 81.75  34.43   8.24  -2.64 189.58   5.59   5.44   7.28
 78.12  41.00   4.65 -17.74 -10.08 -13.09  11.19  15.93
 77.69  42.75   0.84 -51.19 -11.06 -50.34  26.02  50.77
 82.00  34.00  10.29  -2.47 187.07   7.82   6.38   9.30
 79.75  37.03   1.85  -5.78 229.14  -3.94   3.82   5.12
 79.50  37.46   0.55  -6.03 228.33  -5.49   3.29   5.78
 80.00  36.60   3.09  -8.19 256.16  -5.10   5.64   7.16
 77.69  42.25  -0.47 -50.64  -8.08 -51.12  25.08  50.88
 79.25  37.90  -2.18  -5.97 237.92  -8.15   1.89   7.31
 80.25  36.17   5.22  -6.56 251.41  -1.35   5.89   6.00
 79.00  38.33  -3.07  -8.16  39.94 -11.23   2.54  10.05
 77.26  45.50   8.38  -6.82 -54.04   1.56   7.60   7.72
 78.12  40.50   1.92 -23.01 -24.40 -21.08  12.47  22.11
 80.50  35.73   6.34  -5.97 246.41   0.36   6.15   6.16
 77.26  45.00   2.84 -14.51 -88.40 -11.67   8.68  13.32
 78.75  38.76  -0.83  -7.69 -43.11  -8.52   3.43   8.14
 77.26  44.50   6.07  -7.50  34.07  -1.43   6.79   6.90
 80.75  35.30   6.59  -3.66 219.11   2.93   5.13   5.72
 77.69  41.75   0.01 -31.23  -7.28 -31.22  15.62  31.22
 78.50  39.20  -0.59 -19.16 -51.32 -19.75   9.29  19.46
 77.26  44.00   6.31 -19.57   3.55 -13.26  12.94  17.30
 81.00  34.87   6.37  -4.55 213.04   1.82   5.46   5.69
 77.26  43.50   9.40 -21.77  -4.65 -12.37  15.58  18.91
 78.25  39.63  -1.97 -25.66 -37.67 -27.62  11.85  26.70
 78.06  40.08  -2.34 -24.33 -24.05 -26.67  10.99  25.58
 77.69  41.25  11.72 -21.97  -7.11 -10.25  16.85  19.04
 81.25  34.43   5.44  -3.36 204.41   2.08   4.40   4.75
 77.26  43.00   2.73 -46.13 -13.09 -43.40  24.43  44.83
 77.00  46.00   7.61  -1.18 145.75   6.44   4.40   7.10
 81.50  34.00   7.40  -2.90 194.25   4.50   5.15   6.46
 77.26  42.50   0.84 -50.77 -11.73 -49.93  25.80  50.35
 77.69  40.75   9.37 -16.84 -12.56  -7.47  13.11  14.62
 79.25  37.03   6.82  -7.26 255.79  -0.45   7.04   7.05
 79.50  36.60   5.37  -6.85 251.77  -1.48   6.11   6.24
 79.00  37.46   5.36 -16.25 253.96 -10.89  10.80  14.34
 79.75  36.17   7.72  -5.80 240.56   1.92   6.76   6.96
 78.75  37.90   4.94 -28.15  41.97 -23.22  16.54  26.04
 76.85  45.29   2.99  -8.55 -74.95  -5.56   5.77   7.52
 80.00  35.73   8.45  -8.26 240.73   0.19   8.36   8.36
 77.26  42.00   0.12 -53.22 -13.64 -53.10  26.67  53.16
 78.50  38.33   4.00 -25.14  13.14 -21.14  14.57  23.40
 76.83  44.75   8.94  -8.17 200.22   0.76   8.55   8.58
 80.25  35.30   6.91 -18.51 249.95 -11.60  12.71  16.20
 77.69  40.25   2.38 -30.64 -28.50 -28.26  16.51  29.52
 78.25  38.76  -1.64 -20.56 -44.69 -22.20   9.46  21.43
 76.83  44.25   5.98 -14.20  10.32  -8.22  10.09  12.35
 80.50  34.87   0.21 -19.39 258.19 -19.18   9.80  19.28
 77.26  41.50   5.69 -31.70 -11.30 -26.00  18.69  29.27
 76.83  43.75  12.36 -16.01  -6.19  -3.65  14.19  14.54
 80.75  34.43   2.24  -7.08 230.42  -4.84   4.66   6.27
 77.73  39.78  -0.75 -29.08 -27.47 -29.83  14.17  29.47
 76.83  43.25   6.52 -25.95  -7.95 -19.43  16.23  23.38
 77.26  41.00   8.26 -17.00  -8.73  -8.74  12.63  14.73
 77.85  39.23  -4.71 -24.52 -46.21 -29.23   9.91  27.19
 81.00  34.00   3.73  -4.91  35.62  -1.18   4.32   4.43
 76.83  42.75   3.17 -48.37 -11.42 -45.20  25.77  46.87
 76.50  46.00   6.69  -0.54 155.72   6.15   3.61   6.44
 76.83  42.25   4.40 -50.01 -11.72 -45.61  27.21  47.97
 79.00  36.60   8.60  -4.14 247.91   4.47   6.37   7.45
 78.75  37.03  15.38  -9.26 251.46   6.12  12.32  13.41
 79.25  36.17   8.40  -6.24 243.02   2.16   7.32   7.55
 77.26  40.50   5.61 -20.41 -15.02 -14.80  13.01  18.26
 78.50  37.46   9.49 -10.78 258.52  -1.29  10.13  10.19
 79.50  35.73   8.40  -8.75 241.32  -0.36   8.57   8.58
 78.25  37.90  -6.43  -9.25   3.63 -15.67   1.41  13.65
 76.39  45.50   4.86  -0.34 137.14   4.52   2.60   4.70
 79.75  35.30   8.52 -19.23 248.51 -10.71  13.88  16.69
 76.39  45.00   4.16   1.68 256.05   5.84   1.24   5.21
 78.00  38.33  -0.90 -13.91  -6.79 -14.82   6.51  14.39
 76.83  41.75   5.90 -48.36 -15.30 -42.45  27.13  45.69
 76.39  44.50   8.28  -1.74 184.10   6.53   5.01   7.56
 80.00  34.87   6.97 -23.64 251.43 -16.67  15.31  21.04
 77.75  38.76  -6.90 -20.52 -42.16 -27.42   6.81  24.70
 76.39  44.00  11.54 -11.09 165.29   0.44  11.32  11.32
 77.26  40.00  -6.87 -37.82 -10.31 -44.70  15.47  41.69
 80.25  34.43  -1.73 -23.82 260.51 -25.55  11.04  24.73
 76.39  43.50   7.86 -12.98  -5.61  -5.12  10.42  11.33
 76.83  41.25  10.01 -29.44  -7.33 -19.43  19.72  25.92
 80.50  34.00   1.88 -10.54 239.86  -8.66   6.21   9.73
 76.39  43.00   5.26 -34.22  -6.86 -28.97  19.74  31.92
 77.26  39.50  -6.48 -30.55 -14.50 -37.03  12.04  34.25
 76.83  40.75   7.05 -15.40   1.30  -8.35  11.22  13.35
 76.39  42.50   7.93 -46.57 -10.80 -38.64  27.25  43.16
 78.50  36.60  12.42  -4.20 248.97   8.22   8.31  10.94
 78.75  36.17   8.58 -10.65 228.73  -2.06   9.62   9.78
 76.00  46.00   3.32   0.76 166.26   4.08   1.28   3.75
 78.25  37.03   6.95  -7.41 258.02  -0.46   7.18   7.19
 79.00  35.73  10.44 -13.65 231.91  -3.21  12.04  12.36
 78.00  37.46  -1.90  -7.33 -17.20  -9.23   2.71   8.44
 76.39  42.00   8.94 -51.07 -12.73 -42.13  30.01  47.24
 79.25  35.30   8.68 -17.58 245.51  -8.89  13.13  15.22
 75.96  45.25   2.73   1.05 170.47   3.79   0.84   3.38
 76.83  40.25   3.59 -28.17   0.51 -24.58  15.88  26.56
 77.26  39.00  -8.34 -19.29 -31.48 -27.63   5.48  24.55
 75.96  44.75   4.62  -1.58 232.36   3.04   3.10   4.07
 79.50  34.87   7.17 -24.44 251.34 -17.26  15.80  21.76
 77.69  37.94  -1.37 -11.44 -23.05 -12.81   5.03  12.18
 75.96  44.25   4.62  -9.10   3.51  -4.49   6.86   7.88
 79.75  34.43   1.47 -19.10 246.91 -17.63  10.28  18.41
 76.39  41.50  10.07 -43.53 -14.59 -33.46  26.80  39.47
 75.96  43.75   3.67  -9.82  -8.29  -6.14   6.74   8.59
 77.38  38.43  -3.65 -13.51  29.27 -17.16   4.93  15.65
 80.00  34.00   3.04 -32.17 262.83 -29.13  17.60  30.76
 76.83  39.75  -7.82 -44.49  -2.63 -52.31  18.33  48.87
 75.96  43.25   5.91 -22.54   4.28 -16.63  14.23  20.24
 76.39  41.00   5.48 -27.06 -10.86 -21.58  16.27  24.78
 75.96  42.75   8.08 -38.66  -5.91 -30.58  23.37  35.32
 76.83  39.25 -15.00 -31.54  -1.41 -46.54   8.27  41.15
 76.39  40.50   8.19 -19.08   0.68 -10.88  13.63  16.58
 75.96  42.25   8.04 -45.37 -11.48 -37.33  26.71  41.93
 78.50  35.73   8.59 -14.75 226.07  -6.16  11.67  12.83
 77.75  37.03   2.05  -9.59 239.24  -7.54   5.82   8.74
 78.21  36.18   9.14 -13.95 227.38  -4.82  11.55  12.28
 77.96  36.61   3.70  -7.04 232.34  -3.34   5.37   6.10
 78.75  35.30  12.41 -15.07 227.32  -2.66  13.74  13.93
 77.26  38.00  -4.14  -7.41  18.61 -11.55   1.64  10.13
 75.53  45.50   3.30   0.05 153.96   3.35   1.62   3.33
 79.00  34.87   7.20 -20.76 248.10 -13.56  13.98  18.25
 75.53  45.00   3.84  -1.59 157.84   2.25   2.71   3.34
 75.50  46.00   2.03  -0.33 148.14   1.70   1.18   1.89
 75.96  41.75  10.36 -47.13 -15.30 -36.77  28.74  42.90
 75.53  44.50   3.48  -0.45 239.03   3.03   1.96   3.28
 79.25  34.43   0.98 -18.46 244.97 -17.48   9.72  17.99
 76.39  40.00   0.86 -37.46   8.73 -36.60  19.16  37.04
 76.83  38.75 -14.46 -22.66   3.95 -37.12   4.10  32.41
 75.53  44.00   5.25  -8.54  -8.46  -3.29   6.90   7.46
 79.50  34.00   3.88 -28.89 260.89 -25.02  16.38  27.16
 75.96  41.25   7.98 -39.59 -17.41 -31.61  23.79  36.27
 75.53  43.50   4.65 -14.20 -15.28  -9.55   9.42  12.54
 77.26  37.50  -1.14 -10.23 -23.50 -11.37   4.54  10.84
 75.53  43.00   6.70 -33.20  -5.15 -26.50  19.95  30.41
 76.39  39.50 -20.51 -40.18  -1.20 -60.69   9.83  53.47
 75.96  40.75   7.19 -26.81 -14.24 -19.61  17.00  24.03
 76.83  38.25  -4.03 -12.17 256.18 -16.21   4.07  14.61
 75.53  42.50   5.99 -36.89  -7.61 -30.90  21.44  34.29
 77.69  36.25   8.23 -15.34 233.31  -7.11  11.78  13.30
 75.53  42.00   7.67 -38.84 -12.97 -31.17  23.26  35.63
 76.39  39.00 -20.40 -31.90  10.00 -52.29   5.75  45.65
 75.96  40.25  15.67 -33.39 -11.14 -17.72  24.53  28.94
 77.26  37.00   6.39  -9.33 -10.41  -2.94   7.86   8.26
 78.50  34.87  15.18 -14.60 221.55   0.58  14.89  14.90
 75.08  45.29   5.69   1.07 136.49   6.76   2.31   6.30
 75.09  44.75  17.36  -6.35 -58.05  11.01  11.85  15.21
 78.75  34.43  11.40 -10.11 218.70   1.29  10.75  10.81
 76.83  37.75  -4.50  -6.29  12.42 -10.79   0.89   9.39
 75.09  44.25   9.23 -15.99 -33.97  -6.76  12.61  13.90
 78.14  35.27  13.37 -15.90  41.03  -2.53  14.64  14.80
 75.53  41.50   6.73 -39.97 -17.99 -33.23  23.35  37.06
 77.37  36.55   1.45  -7.92 234.20  -6.48   4.69   7.31
 79.00  34.00   4.69  -9.62 252.49  -4.92   7.15   8.33
 75.00  46.00   2.52  -4.09 -56.58  -1.57   3.31   3.58
 77.83  35.74  12.29 -15.33 229.30  -3.04  13.81  14.06
 75.09  43.75   8.90 -17.16 -33.54  -8.26  13.03  14.86
 75.96  39.75   7.95 -53.24  -2.33 -45.28  30.60  49.74
 76.39  38.50  -2.25 -18.42 -40.80 -20.67   8.08  19.64
 75.09  43.25   7.85 -27.50  -4.23 -19.65  17.68  24.54
 75.53  41.00   8.23 -37.84 -18.47 -29.61  23.03  34.47
 75.09  42.75   6.09 -33.17  -6.72 -27.08  19.63  30.58
 76.83  37.25  -1.70  -9.51 -26.33 -11.21   3.91  10.47
 75.96  39.25   6.32 -61.05  -3.33 -54.73  33.68  58.15
 75.53  40.50  13.01 -29.52 -21.10 -16.50  21.26  25.62
 76.39  38.00   1.98  -6.88 -59.53  -4.89   4.43   6.13
 75.09  42.25   6.48 -34.65  -9.81 -28.17  20.56  31.91
 78.31  34.39  14.03  -7.82 225.08   6.22  10.93  12.18
 74.66  45.50   2.14  -3.70 -80.71  -1.56   2.92   3.22
 75.09  41.75   7.13 -34.29 -14.72 -27.16  20.71  31.34
 74.66  45.00  16.80  -6.46 -80.80  10.34  11.63  14.68
 77.26  36.00   7.81 -19.11 238.10 -11.30  13.46  16.64
 75.96  38.75  -5.21 -24.40 -14.54 -29.61   9.60  27.38
 75.53  40.00  23.60 -43.93 -10.51 -20.33  33.76  38.08
 76.83  36.75  -0.31 -11.01  29.41 -11.32   5.35  11.17
 74.66  44.50  17.40  -5.49 -74.35  11.91  11.45  15.41
 78.50  34.00   7.63  -8.09 241.60  -0.45   7.86   7.87
 77.66  35.24  11.37 -19.16 228.93  -7.79  15.27  16.69
 74.66  44.00   5.24 -10.01 -49.27  -4.77   7.63   8.67
 76.39  37.50   2.12  -7.26   6.36  -5.14   4.69   6.47
 75.09  41.25   6.54 -35.04 -15.85 -28.49  20.79  32.27
 74.66  43.50  -1.85 -19.48  -8.42 -21.33   8.82  20.47
 74.50  46.00   1.45 -20.21 -75.89 -18.76  10.83  19.53
 75.53  39.50  27.72 -69.48  -2.74 -41.77  48.60  60.58
 75.96  38.25   2.72 -17.49 -39.86 -14.77  10.11  16.30
 74.66  43.00   3.67 -31.21  -5.61 -27.55  17.44  29.55
 77.82  34.67  15.62 -13.65 225.19   1.98  14.64  14.74
 75.09  40.75  11.78 -26.97 -16.28 -15.20  19.38  23.42
 77.26  35.50   8.96 -24.83 236.21 -15.87  16.90  21.78
 76.83  36.25   2.39 -17.12 229.61 -14.73   9.75  16.06
 74.66  42.50   1.47 -32.50  -7.38 -31.03  16.98  31.79
 76.39  37.00   2.18  -9.34   1.83  -7.16   5.76   8.46
 75.53  39.00  38.81 -60.89  -8.07 -22.08  49.85  53.39
 75.09  40.25   6.07 -27.30   0.27 -21.23  16.68  24.82
 74.66  42.00   2.45 -33.98  -9.84 -31.53  18.21  32.83
 75.96  37.75   4.75  -1.64 147.31   3.10   3.20   4.18
 74.23  45.39  11.54 -23.52 265.29 -11.98  17.53  20.37
 78.00  34.00  13.09 -10.29 228.12   2.80  11.69  11.94
 74.23  44.75  14.24 -17.84 256.35  -3.60  16.04  16.34
 74.66  41.50   5.24 -33.09 -11.66 -27.85  19.17  30.81
 74.23  44.25  -4.53 -10.58 246.24 -15.11   3.02  13.43
 75.09  39.75  32.24 -58.79  -1.57 -26.55  45.52  50.99
 76.83  35.75   7.38 -29.47 235.82 -22.09  18.42  26.56
 75.53  38.50  35.77 -13.48 161.69  22.29  24.63  31.29
 77.26  35.00  11.52 -25.18 237.24 -13.66  18.35  21.83
 76.39  36.50   0.65  -8.21   6.29  -7.56   4.43   7.91
 74.23  43.75  -4.70 -13.38  21.48 -18.08   4.34  16.25
 74.66  41.00  13.46 -36.86  -6.44 -23.40  25.16  32.31
 74.23  43.25  -0.44 -21.43  -7.92 -21.87  10.49  21.65
 75.96  37.25  11.56  -2.34 172.27   9.22   6.95  10.59
 74.00  46.00  -1.65 -27.04 268.41 -28.69  12.70  27.90
 75.09  39.25  50.05 -63.17  -7.17 -13.12  56.61  57.74
 74.23  42.75  -1.57 -33.23  -6.55 -34.80  15.83  34.04
 75.53  38.00  30.70  -4.84 163.95  25.86  17.77  28.59
 74.66  40.50   6.41 -27.82   6.96 -21.41  17.11  25.23
 74.23  42.25  -0.10 -32.00  -7.87 -32.10  15.95  32.05
 76.83  35.25   7.19 -31.17 232.91 -23.98  19.18  28.27
 76.39  36.00   4.82 -26.53  36.41 -21.70  15.68  24.48
 77.26  34.50  14.04 -19.85 237.82  -5.81  16.94  17.67
 75.96  36.75   4.14 -13.28  19.13  -9.14   8.71  11.77
 75.09  38.75  63.88 -32.33 172.58  31.54  48.10  55.32
 74.23  41.75   3.81 -32.65 -14.09 -28.85  18.23  30.93
 74.66  40.00  14.55 -41.03   3.13 -26.48  27.79  36.03
 77.50  34.00  14.44 -16.63 234.40  -2.19  15.54  15.65
 73.78  45.54   4.72 -33.87 266.79 -29.15  19.30  31.78
 73.79  45.00  11.50 -29.68 251.78 -18.19  20.59  25.92
 75.53  37.50  12.34  -4.53 166.13   7.81   8.44  10.81
 73.79  44.50  11.83 -24.95 242.59 -13.12  18.39  21.62
 73.79  44.00  -1.10 -15.79  41.76 -16.89   7.34  16.36
 74.23  41.25   9.03 -37.83  -9.13 -28.80  23.43  34.22
 73.79  43.50  -0.33 -12.64  23.95 -12.97   6.15  12.81
 74.66  39.50  48.57 -62.96  -4.61 -14.39  55.77  57.14
 75.09  38.25  52.02  -6.38 163.34  45.63  29.20  49.14
 76.39  35.50   8.20 -27.60  41.90 -19.40  17.90  24.55
 76.85  34.71  10.56 -26.20 238.86 -15.64  18.38  22.83
 75.96  36.25   2.90 -30.01  21.89 -27.10  16.46  28.67
 73.79  43.00  -2.28 -24.47   3.40 -26.75  11.10  25.69
 74.23  40.75   9.47 -39.68  -2.70 -30.21  24.58  35.89
 75.53  37.00  10.31  -7.69 190.39   2.62   9.00   9.28
 73.79  42.50  -1.85 -28.74  -6.51 -30.58  13.44  29.70
 73.50  46.00  -3.22 -29.64 -82.97 -32.86  13.21  31.38
 74.66  39.00  56.53 -42.67 166.10  13.87  49.60  51.03
 75.09  37.75  13.26  -5.35 183.99   7.91   9.30  11.55
 74.23  40.25   7.46 -33.97   0.41 -26.51  20.71  30.92
 73.79  42.00   2.26 -32.26 -16.62 -30.00  17.26  31.19
 76.39  35.00  11.62 -23.85  43.84 -12.22  17.73  20.65
 75.96  35.75  14.52 -29.77  34.52 -15.25  22.14  25.79
 73.38  45.29   3.78 -32.16 265.68 -28.38  17.97  30.45
 77.00  34.00  15.31 -20.30 235.25  -4.99  17.80  18.32
 75.53  36.50   7.39 -37.94  40.36 -30.55  22.67  34.84
 73.36  44.75  11.64 -26.54 250.22 -14.91  19.09  23.05
 73.79  41.50   6.06 -37.91 -18.08 -31.85  21.98  35.27
 74.66  38.50  61.70  -8.10 169.79  53.60  34.90  58.07
 74.23  39.75  13.81 -57.51 -11.29 -43.71  35.66  52.00
 73.36  44.25  10.56 -16.21 237.43  -5.66  13.38  14.25
 75.09  37.25   7.34  -9.66   1.92  -2.32   8.50   8.73
 73.36  43.75  -5.01 -10.49  37.35 -15.50   2.74  13.70
 73.79  41.00   8.33 -37.37 -13.25 -29.04  22.85  33.98
 73.36  43.25   1.38 -10.32   9.04  -8.94   5.85   9.71
 74.23  39.25  16.22 -59.73 -12.46 -43.51  37.97  53.49
 74.66  38.00  12.42  -4.95 181.88   7.47   8.69  10.83
 75.96  35.25  21.52 -27.97  36.34  -6.45  24.74  25.36
 76.39  34.50  18.21 -16.69 225.95   1.52  17.45  17.50
 73.36  42.75   0.70 -16.28  -6.68 -15.58   8.49  15.94
 75.53  36.00  18.60 -33.34  23.64 -14.74  25.97  28.94
 73.79  40.50   8.76 -35.55 -12.81 -26.79  22.16  32.08
 75.09  36.75   1.67 -31.56  34.87 -29.89  16.62  30.76
 73.36  42.25   1.60 -26.69 -13.34 -25.10  14.14  25.93
 73.00  46.00   3.17 -22.29 262.20 -19.13  12.73  20.89
 74.23  38.75  14.55 -15.93  -6.48  -1.38  15.24  15.29
 73.79  40.00  23.01 -40.97 -15.12 -17.96  31.99  35.57
 74.66  37.50  10.68 -10.25 180.93   0.43  10.46  10.47
 76.50  34.00  18.40 -17.39 236.03   1.01  17.89  17.91
 73.36  41.75   3.37 -35.65 -16.93 -32.27  19.51  34.08
 72.93  45.50  -1.62 -25.95 -85.56 -27.57  12.17  26.80
 72.93  45.00   4.18 -18.44 260.80 -14.26  11.31  16.74
 75.96  34.75  22.15 -21.97 221.07   0.18  22.06  22.06
 72.93  44.50  12.29  -7.58 253.35   4.71   9.93  10.74
 75.53  35.50  30.74 -25.49 195.36   5.24  28.11  28.48
 73.36  41.25   5.21 -37.78 -24.29 -32.57  21.50  35.46
 72.93  44.00  -3.59  -6.35  42.12  -9.93   1.38   8.71
 75.09  36.25   0.14 -30.71  23.97 -30.57  15.43  30.64
 74.23  38.25  17.06  -6.72 182.80  10.34  11.89  14.89
 73.79  39.50  20.94 -67.21 -22.03 -46.28  44.07  59.57
 72.93  43.50  -4.60  -9.45 -27.24 -14.05   2.42  12.41
 74.66  37.00   1.98 -26.09  19.88 -24.11  14.03  25.16
 73.36  40.75   4.05 -35.30 -29.06 -31.24  19.67  33.46
 72.93  43.00   3.41  -9.73  18.52  -6.32   6.57   8.55
 73.79  39.00  14.94 -65.94 -23.18 -51.01  40.44  59.89
 72.93  42.50   4.62 -19.69  -6.46 -15.07  12.15  17.83
 74.23  37.75  19.97  -8.24 186.13  11.73  14.10  17.38
 75.53  35.00  35.11 -22.93 201.19  12.18  29.02  30.88
 73.36  40.25  11.33 -41.17 -25.00 -29.84  26.25  36.83
 75.09  35.75  23.30 -13.41 182.90   9.89  18.36  20.26
 72.93  42.00   8.03 -25.65 -13.76 -17.62  16.84  22.72
 74.66  36.50   0.09 -30.14  21.64 -30.05  15.11  30.10
 76.00  34.00  22.16 -17.52 226.22   4.63  19.84  20.24
 72.53  45.16   0.69 -11.05 -87.88 -10.36   5.87  10.73
 73.79  38.50  18.71  -9.32 178.59   9.39  14.01  16.20
 72.50  46.00  -0.62 -10.22 260.42 -10.84   4.80  10.54
 73.36  39.75  16.44 -74.33 -24.62 -57.89  45.39  67.63
 72.93  41.50  11.60 -34.48 -20.47 -22.88  23.04  30.39
 72.50  44.75   6.95  -6.70 -80.81   0.25   6.82   6.83
 74.23  37.25  13.95 -20.17   8.43  -6.22  17.06  17.89
 72.50  44.25   9.38  -7.63 -71.72   1.75   8.50   8.64
 75.53  34.50  19.77 -15.97 211.24   3.80  17.87  18.17
 72.50  43.75   7.06  -6.72 -48.22   0.33   6.89   6.90
 75.09  35.25  22.75 -16.20 187.69   6.56  19.47  20.28
 72.93  41.00   1.17 -32.00 -23.23 -30.83  16.58  31.43
 73.79  38.00  14.31   4.48 185.61  18.79   4.91  17.00
 74.66  36.00   0.99 -26.48 -42.29 -25.48  13.74  26.00
 73.36  39.25  13.57 -83.31 -23.22 -69.74  48.44  77.43
 72.50  43.25  -3.37  -7.92 -17.74 -11.29   2.27  10.04
 72.50  42.75   3.49  -8.30   4.26  -4.82   5.89   7.22
 74.23  36.75  14.40 -27.02  -4.59 -12.61  20.71  23.41
 72.93  40.50  -2.46 -18.88 -30.54 -21.34   8.21  20.22
 72.25  45.57   0.77  -9.63 -88.29  -8.86   5.20   9.27
 72.50  42.25   6.91 -18.09 -14.41 -11.18  12.50  15.81
 73.36  38.75 -10.78 -56.74 -23.21 -67.52  22.98  62.83
 73.79  37.50  19.54   6.62 160.50  26.16   6.46  23.55
 72.93  40.00   4.54 -47.50 -25.96 -42.96  26.02  45.40
 74.66  35.50   8.49  -5.17 153.96   3.32   6.83   7.41
 75.50  34.00  21.46 -13.94 232.57   7.53  17.70  18.86
 75.08  34.71  28.89 -17.35 200.49  11.54  23.12  25.19
 72.50  41.75   8.24 -25.30 -18.85 -17.06  16.77  22.35
 72.11  45.02   7.61  -8.08 -70.86  -0.47   7.84   7.85
 74.23  36.25   2.92 -44.82 -50.43 -41.91  23.87  43.44
 73.36  38.25  12.15 -10.47 135.90   1.68  11.31  11.40
 72.06  44.50  11.00 -10.14 -72.39   0.85  10.57  10.59
 72.00  46.00   3.27  -5.03 -52.71  -1.76   4.15   4.42
 72.50  41.25   5.19 -29.29 -17.50 -24.10  17.24  27.07
 72.93  39.50  17.85 -91.50 -24.44 -73.64  54.68  84.00
 72.06  44.00   9.21  -9.70 -63.67  -0.49   9.45   9.46
 73.79  37.00  16.34 -15.65 178.81   0.70  16.00  16.01
 72.06  43.50   2.27  -7.71 -34.13  -5.43   4.99   6.86
 72.50  40.75   0.16 -20.72 -22.74 -20.56  10.44  20.64
 74.66  35.00   2.62  -7.65  35.24  -5.04   5.13   6.74
 72.06  43.00   2.11  -8.12 -29.96  -6.01   5.12   7.30
 72.93  39.00  20.96 -85.53 -24.70 -64.57  53.24  77.21
 73.36  37.75  18.56   2.96 -45.19  21.51   7.80  20.20
 74.23  35.75   7.77 -39.24 -51.13 -31.48  23.50  35.99
 72.06  42.50   4.94 -13.45 -20.57  -8.51   9.19  11.78
 72.50  40.25   4.92 -22.50 -22.04 -17.58  13.71  20.49
 73.79  36.50  17.00 -24.64 -14.39  -7.63  20.82  21.84
 72.06  42.00   3.90 -16.56 -22.36 -12.65  10.23  14.99
 71.70  45.41   6.25  -5.80 -58.41   0.45   6.03   6.04
 72.93  38.50  22.66 -37.88 -37.81 -15.23  30.27  33.02
 75.00  34.00  19.57  -6.60 220.87  12.97  13.08  17.24
 73.36  37.25  15.17   2.95 153.01  18.12   6.11  16.84
 72.50  39.75  11.36 -53.19 -28.13 -41.83  32.28  48.52
 74.66  34.50  24.73  -8.39 217.06  16.35  16.56  21.79
 72.06  41.50   3.42 -22.06 -23.13 -18.64  12.74  20.56
 74.23  35.25  -6.44 -21.45 -53.23 -27.89   7.51  25.29
 71.63  44.75   8.19  -7.96 -67.29   0.23   8.08   8.08
 71.63  44.25  12.27 -12.04 -63.98   0.23  12.15  12.16
 73.79  36.00   6.56 -48.83 -53.05 -42.27  27.70  45.90
 72.06  41.00  -1.80 -22.91 -18.92 -24.71  10.55  23.86
 72.93  38.00  17.17   0.71 136.14  17.88   8.23  17.53
 71.63  43.75   5.95 -11.44 -44.52  -5.49   8.69   9.91
 72.50  39.25  17.41 -97.09 -24.80 -79.68  57.25  89.66
 71.50  46.00   5.10  -2.30 141.73   2.81   3.70   4.43
 71.63  43.25   2.04  -7.95 -19.61  -5.91   5.00   7.15
 73.36  36.75   8.77 -23.83  -5.17 -15.06  16.30  20.88
 72.06  40.50  -5.46 -20.34 -21.31 -25.80   7.44  23.55
 71.63  42.75   2.63  -8.67 -17.32  -6.04   5.65   7.70
 72.50  38.75  23.44 -88.66 -32.03 -65.22  56.05  79.57
 72.93  37.50  14.50   3.33 144.18  17.83   5.58  16.42
 73.79  35.50  -0.71 -46.67 -53.25 -47.38  22.98  47.03
 71.63  42.25   2.69 -14.65 -23.31 -11.96   8.67  13.51
 74.23  34.61  -1.32 -28.92 256.28 -30.24  13.80  29.60
 72.06  40.00   0.81 -27.79 -30.16 -26.98  14.30  27.39
 73.36  36.25  18.02 -22.66 -10.10  -4.64  20.34  20.73
 71.25  45.57   6.53  -2.08 141.34   4.45   4.31   5.78
 74.50  34.00  15.67  -8.18 163.21   7.48  11.92  13.57
 71.63  41.75   1.85 -17.35 -26.08 -15.50   9.60  16.51
 71.22  45.06   6.83  -1.96 -50.75   4.88   4.40   6.10
 72.50  38.25  32.47 -16.32 155.69  16.15  24.39  28.12
 72.93  37.00  12.33 -14.87   0.59  -2.54  13.60  13.77
 72.06  39.50   4.49 -41.56 -32.00 -37.07  23.03  39.51
 71.63  41.25  -2.01 -20.01 -24.54 -22.02   9.00  21.09
 71.20  44.50  12.56  -5.79 -62.18   6.77   9.18  10.89
 71.20  44.00  13.43 -12.71 -57.18   0.72  13.07  13.09
 73.79  35.00  -3.61 -38.76 -71.62 -42.36  17.57  40.68
 71.20  43.50   8.86 -11.82 -41.54  -2.96  10.34  10.65
 73.36  35.75   4.34 -21.09 -21.36 -16.74  12.72  19.29
 71.63  40.75  -5.87 -21.77 -25.39 -27.64   7.95  25.22
 72.50  37.75  27.70 -23.09 169.90   4.61  25.40  25.71
 72.06  39.00  18.66 -67.75 -27.74 -49.10  43.20  60.62
 71.20  43.00   5.52  -8.06 -21.18  -2.53   6.79   7.14
 71.00  46.00   9.01  -0.12 162.92   8.89   4.56   8.95
 72.93  36.50  23.75 -25.52  -5.24  -1.77  24.63  24.68
 71.20  42.50   3.24  -7.92 -16.82  -4.68   5.58   6.90
 71.63  40.25  -2.93 -26.42 -37.72 -29.35  11.74  28.00
 72.06  38.50  31.81 -48.37 -24.60 -16.56  40.09  42.58
 71.20  42.00   0.28 -12.77 -29.18 -12.49   6.53  12.64
 72.50  37.25  27.75 -15.45 171.72  12.30  21.60  24.08
 73.78  34.46  -0.48 -20.27 -49.42 -20.76   9.90  20.52
 73.36  35.25   0.97 -19.78 -28.71 -18.81  10.37  19.31
 74.00  34.00   8.90 -11.91 -21.01  -3.01  10.40  10.73
 71.63  39.75   1.06 -39.17 -38.60 -38.10  20.12  38.65
 71.20  41.50  -2.70 -17.87 -32.94 -20.57   7.59  19.36
 72.93  36.00  26.05 -23.63 168.23   2.42  24.84  24.93
 70.77  45.41   8.38   1.30 159.84   9.68   3.54   9.10
 70.76  44.75   8.47   2.12 142.01  10.59   3.17   9.70
 72.06  38.00  31.31 -23.82 161.52   7.49  27.57  28.32
 70.76  44.25  12.29  -1.90 -59.72  10.40   7.09  11.46
 71.20  41.00  -5.28 -17.06 -30.02 -22.34   5.89  20.22
 71.63  39.25   9.63 -63.31 -35.59 -53.68  36.47  59.08
 72.50  36.75  26.70   4.24 171.45  30.94  11.23  29.05
 70.76  43.75   8.08  -8.44 -57.17  -0.36   8.26   8.26
 73.38  34.71  -1.14 -19.67 -54.73 -20.81   9.27  20.27
 70.76  43.25   1.61  -9.40 -32.76  -7.79   5.51   8.71
 71.20  40.50   1.64 -25.75 -35.37 -24.11  13.69  24.97
 72.93  35.50  26.99 -21.70 163.10   5.30  24.35  24.77
 70.76  42.75   3.74  -7.88 -10.22  -4.14   5.81   6.83
 72.06  37.50  30.35 -18.96 163.33  11.39  24.65  26.55
 71.63  38.75  13.46 -57.34 -34.43 -43.88  35.40  51.93
 70.50  46.00  10.92   0.84 176.76  11.76   5.04  11.36
 70.76  42.25   3.20  -6.73 -10.62  -3.52   4.97   5.83
 72.50  36.25  27.83 -20.37 163.78   7.46  24.10  24.95
 71.20  40.00   4.54 -35.48 -39.58 -30.93  20.01  33.44
 70.76  41.75   1.15  -6.66 -14.36  -5.51   3.90   6.16
 73.50  34.00  10.43 -11.26 -23.54  -0.83  10.84  10.87
 71.63  38.25  31.17 -35.79 -24.57  -4.63  33.48  33.72
 72.06  37.00  31.68 -17.56 165.99  14.12  24.62  27.49
 72.93  35.00  22.49 -15.86 158.33   6.63  19.17  20.01
 70.33  45.50  12.27   1.30 176.31  13.57   5.48  12.97
 71.20  39.50  14.82 -59.80 -40.84 -44.98  37.31  53.94
 70.33  45.00  11.07   3.03 173.32  14.10   4.02  12.86
 70.76  41.25  -4.44 -10.07 -18.69 -14.51   2.82  12.88
 70.33  44.50  10.96   6.94 140.26  17.89   2.01  15.63
 72.50  35.75  28.74 -21.01 162.35   7.73  24.88  25.76
 70.33  44.00   6.78   3.62 145.61  10.40   1.58   9.14
 71.63  37.75  26.88 -20.01 155.67   6.87  23.44  24.19
 70.33  43.50  -0.15  -5.64 -20.24  -5.79   2.75   5.72
 70.76  40.75  -2.54 -12.51 -32.53 -15.06   4.98  13.96
 71.20  39.00  15.18 -77.68 -43.48 -62.50  46.43  71.31
 72.06  36.50  27.72   2.33 162.07  30.05  12.69  28.95
 70.33  43.00  -1.38  -6.41  -3.96  -7.79   2.52   7.20
 72.93  34.50  13.00 -13.76 -21.50  -0.76  13.38  13.40
 70.76  40.25   3.04 -18.24 -36.57 -15.20  10.64  16.92
 70.33  42.50   1.71  -6.30   2.78  -4.59   4.01   5.64
 72.50  35.25  28.48 -18.93 158.05   9.55  23.71  25.11
 71.63  37.25  30.71 -20.00 159.90  10.71  25.36  27.00
 71.20  38.50  22.88 -73.34 -45.08 -50.47  48.11  65.00
 70.33  42.00  -2.41  -5.14  13.15  -7.54   1.37   6.68
 70.00  46.00  11.77   1.29 183.01  13.06   5.24  12.46
 72.06  36.00  30.31 -13.44 155.29  16.87  21.88  26.31
 70.76  39.75  11.58 -31.50 -38.21 -19.92  21.54  27.59
 73.00  34.00  10.30 -12.74 -19.99  -2.43  11.52  11.71
 70.33  41.50  -1.14  -6.81  36.52  -7.96   2.83   7.45
 69.91  45.29  12.19   1.79 183.03  13.98   5.20  13.18
 71.20  38.00  16.43 -35.61 -37.04 -19.17  26.02  30.87
 69.90  44.75  13.50   3.36 179.73  16.86   5.07  15.46
 71.63  36.75  32.28 -18.73 161.63  13.55  25.51  28.08
 70.76  39.25  18.58 -60.65 -40.10 -42.07  39.62  53.82
 72.50  34.75  18.97 -16.95 159.62   2.02  17.96  18.05
 69.90  44.25  12.84   3.07 184.67  15.91   4.89  14.62
 70.33  41.00   3.94  -6.76 233.47  -2.83   5.35   5.88
 69.90  43.75  11.53  -9.49 179.88   2.04  10.51  10.66
 72.06  35.50  29.28 -19.61 159.32   9.68  24.44  25.84
 69.90  43.25   5.52  -8.54  -1.37  -3.01   7.03   7.50
 70.33  40.50   4.10  -8.24 -24.21  -4.14   6.17   7.13
 71.20  37.50  15.25 -27.53 -39.54 -12.28  21.39  23.89
 70.76  38.75  21.56 -86.70 -44.81 -65.14  54.13  78.18
 69.90  42.75   3.49  -4.80  -8.55  -1.31   4.15   4.30
 71.63  36.25  32.36  -9.49 149.39  22.87  20.92  28.81
 69.90  42.25   3.87  -6.00   5.22  -2.13   4.94   5.27
 70.33  40.00   6.30 -12.97 -26.97  -6.67   9.63  11.23
 72.06  35.00  23.38 -21.58 161.12   1.80  22.48  22.54
 70.76  38.25  22.88 -75.28 -50.79 -52.41  49.08  66.85
 71.20  37.00  32.38 -30.95 147.67   1.44  31.67  31.69
 69.90  41.75   3.28  -7.62  18.69  -4.34   5.45   6.62
 69.50  46.00  12.26   0.68 185.35  12.94   5.79  12.62
 72.50  34.00  14.79 -15.18 -20.24  -0.39  14.99  14.99
 70.33  39.50   9.65 -26.05 -34.39 -16.40  17.85  22.81
 71.63  35.75  28.81 -21.74 159.12   7.07  25.28  26.01
 69.46  45.50  12.17   1.17 185.10  13.34   5.50  12.80
 69.90  41.25   4.86  -7.71  24.74  -2.85   6.29   6.75
 69.46  45.00  12.44   1.54 184.38  13.98   5.45  13.28
 69.46  44.50  14.89   0.43 175.30  15.33   7.23  15.11
 70.76  37.75  -4.81 -29.28 -52.23 -34.09  12.24  31.96
 69.46  44.00  15.03  -1.25 178.74  13.79   8.14  14.45
 71.20  36.50  32.80 -24.02 146.41   8.78  28.41  29.41
 70.33  39.00  11.77 -60.99 -38.77 -49.23  36.38  56.05
 69.90  40.75  11.46  -8.72 212.47   2.74  10.09  10.36
 69.46  43.50  13.48  -8.99 178.35   4.49  11.23  11.88
 72.06  34.50  20.28 -19.17 159.92   1.11  19.73  19.75
 69.46  43.00  12.44  -6.87 168.67   5.57   9.65  10.79
 71.63  35.25  26.98 -23.50 159.82   3.48  25.24  25.42
 69.90  40.25   8.11  -9.61  21.49  -1.50   8.86   8.95
 70.76  37.25   0.63 -18.68 -25.64 -18.05   9.66  18.38
 69.46  42.50   7.69  -3.53 161.85   4.16   5.61   6.67
 70.33  38.50  15.83 -89.86 -40.30 -74.03  52.85  83.09
 71.20  36.00  24.63 -27.64 -20.11  -3.01  26.13  26.26
 69.46  42.00   8.79  -3.00 189.13   5.79   5.90   7.74
 69.90  39.75   3.49  -6.10  -4.06  -2.61   4.80   5.30
 69.46  41.50  12.64 -12.82  18.21  -0.18  12.73  12.73
 70.33  38.00   8.68 -89.08 -39.30 -80.40  48.88  85.07
 70.76  36.75  18.56 -16.49 152.46   2.07  17.53  17.62
 72.00  34.00  18.06 -18.21 -19.89  -0.16  18.14  18.14
 71.61  34.71  21.40 -21.95 -19.10  -0.55  21.67  21.68
 69.03  45.25  10.07   1.09 185.79  11.16   4.49  10.65
 69.90  39.25   5.59 -19.22 -25.43 -13.63  12.41  17.12
 69.03  44.75  12.70   0.98 174.64  13.68   5.86  13.21
 69.00  46.00  10.09   0.79 187.46  10.87   4.65  10.50
 71.20  35.50  24.88 -24.75 159.79   0.13  24.81  24.81
 69.46  41.00  10.28 -15.74  20.40  -5.46  13.01  13.85
 69.03  44.25  14.49  -1.03 168.16  13.45   7.76  14.00
 69.03  43.75  14.82  -2.13 169.42  12.69   8.47  13.88
 70.33  37.50  -2.97 -19.24 -18.27 -22.20   8.14  20.88
 69.03  43.25  14.56  -7.20 165.08   7.36  10.88  12.61
 69.46  40.50  16.37 -11.63 214.46   4.74  14.00  14.59
 70.76  36.25  17.36 -28.89 -15.37 -11.54  23.12  25.19
 69.90  38.75  12.53 -33.50 -31.05 -20.97  23.02  29.32
 69.03  42.75  11.18  -4.64 155.71   6.55   7.91   9.73
 71.20  35.00  24.27 -24.56 -20.24  -0.30  24.42  24.42
 69.46  40.00  12.67  -8.90 219.39   3.77  10.79  11.27
 69.03  42.25   7.00  -2.68 158.74   4.32   4.84   6.12
 70.33  37.00   6.56 -23.17   1.90 -16.62  14.87  20.69
 69.90  38.25  16.66 -68.14 -29.58 -51.49  42.40  61.53
 69.03  41.75   7.57 -11.00   5.03  -3.43   9.29   9.75
 70.76  35.75  18.48 -23.93 -17.64  -5.45  21.21  21.73
 69.46  39.50   5.54  -8.73  -6.35  -3.18   7.13   7.65
 71.50  34.00  19.31 -20.70 -19.09  -1.39  20.00  20.04
 69.03  41.25   8.30 -15.01   4.23  -6.70  11.65  13.02
 68.60  45.50   8.96   0.66 187.92   9.63   4.15   9.31
 68.60  45.00   9.23   1.12 180.53  10.35   4.05   9.84
 69.90  37.75  12.94 -33.30 -26.78 -20.35  23.12  29.07
 70.33  36.50   9.35 -18.63  -7.66  -9.29  13.99  16.14
 71.21  34.46  23.64 -25.12 -20.07  -1.49  24.38  24.41
 68.60  44.50  10.91   0.66 162.39  11.58   5.12  11.26
 68.60  44.00  11.69  -0.42 157.47  11.28   6.05  11.49
 69.46  39.00  18.80 -18.39 152.13   0.40  18.59  18.60
 69.03  40.75   7.97  -9.48   1.12  -1.51   8.72   8.82
 68.50  46.00   8.90   0.33 189.23   9.23   4.29   9.07
 70.76  35.25  19.99 -23.18 -20.17  -3.19  21.59  21.76
 68.60  43.50  10.60  -1.31 155.70   9.29   5.95  10.01
 68.60  43.00   8.54  -4.46 149.06   4.08   6.50   7.40
 69.90  37.25   5.04  -7.84 -17.39  -2.80   6.44   6.88
 69.03  40.25   1.17  -4.20  -7.19  -3.03   2.68   3.75
 69.46  38.50  25.05 -48.39 -30.10 -23.34  36.72  41.91
 70.33  36.00  10.57 -18.59 -13.95  -8.01  14.58  16.15
 68.60  42.50   6.30  -6.04 143.52   0.26   6.17   6.17
 68.60  42.00   3.18  -7.29 -20.55  -4.11   5.23   6.33
 69.03  39.75   4.63  -7.60 -44.88  -2.97   6.12   6.64
 69.90  36.75   1.97  -5.04 -12.69  -3.07   3.51   4.40
 69.46  38.00  27.33 -54.81 -33.68 -27.48  41.07  47.47
 68.60  41.50   0.98 -11.68   9.08 -10.70   6.33  11.22
 70.76  34.61  20.48 -23.03 -21.51  -2.55  21.76  21.87
 70.33  35.50  12.49 -19.80 -19.42  -7.31  16.14  17.34
 69.03  39.25  14.80 -22.12 -41.81  -7.33  18.46  19.52
 71.00  34.00  23.17 -24.60 -20.51  -1.43  23.88  23.92
 68.17  44.75   7.53   1.62 169.99   9.15   2.96   8.46
 68.60  41.00   2.40 -12.20  13.09  -9.80   7.30  11.19
 68.14  45.29   8.02   0.84 186.11   8.85   3.59   8.46
 68.17  44.25   8.49   1.60 152.05  10.09   3.44   9.39
 69.46  37.50  18.36 -23.43 -48.09  -5.07  20.89  21.35
 68.17  43.75   8.20   1.15 143.34   9.35   3.52   8.83
 69.90  36.25   1.86  -9.14 -19.34  -7.28   5.50   8.37
 69.03  38.75  23.96 -63.61 -41.72 -39.65  43.78  55.64
 68.60  40.50  -0.26  -6.86  -0.09  -7.12   3.30   6.99
 68.17  43.25   6.81  -0.42 140.72   6.40   3.62   6.62
 68.00  46.00   8.28   0.48 185.87   8.76   3.90   8.53
 70.33  35.00  14.94 -21.41 -22.48  -6.48  18.17  19.02
 68.17  42.75   5.55  -4.81 139.59   0.74   5.18   5.22
 68.60  40.00   5.81  -3.72 -60.62   2.09   4.77   5.10
 69.46  37.00  23.03 -14.59 -70.82   8.44  18.81  20.18
 68.17  42.25   1.92  -7.86 -36.35  -5.94   4.89   7.10
 69.03  38.25  19.63 -74.18 -46.91 -54.56  46.90  66.57
 69.90  35.75   3.94 -14.73 -22.96 -10.78   9.34  13.21
 68.17  41.75  -3.77 -10.62   0.22 -14.39   3.42  12.92
 68.60  39.50  20.33 -15.56 -47.63   4.76  17.94  18.41
 70.33  34.50  14.67 -22.08 -21.94  -7.41  18.37  19.46
 69.46  36.50   7.06 -14.14 -72.55  -7.09  10.60  12.25
 69.03  37.75  14.88 -78.94 -50.53 -64.06  46.91  72.65
 68.17  41.25  -3.93 -12.28   7.52 -16.21   4.17  14.65
 67.73  45.54   6.59   0.55 187.95   7.14   3.02   6.88
 70.50  34.00  16.48 -22.54 -21.16  -6.06  19.51  20.20
 67.73  45.00   5.92   1.12 183.70   7.04   2.40   6.55
 69.90  35.25   8.13 -18.39 -27.19 -10.26  13.26  15.96
 67.73  44.50   6.17   2.60 153.78   8.77   1.78   7.81
 68.60  39.00  15.99 -31.52 -49.60 -15.52  23.76  27.30
 67.73  44.00   6.58   2.12 136.24   8.70   2.23   7.86
 68.17  40.75  -3.62  -8.43   7.73 -12.06   2.40  10.71
 67.73  43.50   5.79   1.13 -53.23   6.91   2.33   6.42
 69.03  37.25  17.46 -54.66 -67.04 -37.19  36.06  48.35
 69.46  36.00  -1.25 -14.36 -54.05 -15.61   6.55  15.02
 67.73  43.00   4.04  -1.01 -54.44   3.03   2.52   3.64
 68.17  40.25   1.58  -3.13 -56.62  -1.55   2.36   2.71
 68.60  38.50   7.92 -75.41 -56.63 -67.49  41.66  71.78
 67.73  42.50   1.63  -5.14 -46.39  -3.51   3.39   4.55
 67.50  46.00   5.66   0.33 184.85   6.00   2.66   5.84
 69.91  34.71   9.52 -20.70 -25.20 -11.18  15.11  17.95
 68.17  39.75  14.47  -3.87 -54.86  10.61   9.17  12.98
 67.73  42.00  -3.89  -9.33 -16.30 -13.21   2.72  11.76
 69.03  36.75  20.95 -40.55 -74.43 -19.60  30.75  35.13
 68.60  38.00   9.82 -80.62 -59.91 -70.79  45.22  76.18
 69.46  35.50  -0.51 -17.74 -36.39 -18.25   8.62  18.00
 67.73  41.50  -5.25 -11.68  -1.04 -16.93   3.21  15.01
 68.17  39.25  13.07 -17.68 -53.42  -4.61  15.38  15.89
 67.29  45.39   4.09   0.75 181.66   4.84   1.67   4.52
 67.73  41.00  -3.09 -11.04 -11.13 -14.13   3.97  12.86
 67.30  44.75   3.28   1.74 184.18   5.02   0.77   4.41
 70.00  34.00  12.36 -21.78 -23.67  -9.42  17.07  18.92
 68.60  37.50   6.72 -82.25 -66.87 -75.53  44.48  79.10
 69.03  36.25   2.39 -29.18 -70.34 -26.80  15.79  28.07
 67.30  44.25   4.99   2.36 -57.43   7.34   1.32   6.49
 67.30  43.75   4.84   1.33 -66.96   6.16   1.76   5.62
 68.17  38.75   5.62 -40.62 -64.90 -35.00  23.12  38.12
 69.46  35.00   4.65 -19.61 -31.24 -14.96  12.13  17.74
 67.73  40.50   1.09  -6.23 -45.97  -5.14   3.66   5.76
 67.30  43.25   3.86  -0.14 -75.13   3.72   2.00   3.79
 67.30  42.75   1.56  -1.95 -80.84  -0.39   1.76   1.79
 68.60  37.00  12.38 -72.82 -73.88 -60.43  42.60  67.48
 69.03  35.75  -4.02 -23.77 -56.95 -27.80   9.88  26.02
 67.73  40.00  14.66  -3.89 -52.55  10.78   9.27  13.16
 68.17  38.25   6.94 -67.29 -61.17 -60.35  37.12  64.11
 67.30  42.25  -3.47  -4.29  -3.79  -7.76   0.41   6.73
 67.00  46.00   1.89   0.21 172.51   2.10   0.84   2.00
 69.46  34.50   5.71 -20.31 -24.21 -14.60  13.01  18.14
 67.30  41.75  -3.64  -9.48  -2.43 -13.11   2.92  11.73
 67.73  39.50  14.87  -3.09 -46.17  11.78   8.98  13.59
 68.60  36.50   2.26 -52.84 -73.46 -50.58  27.55  51.75
 68.17  37.75   5.56 -78.73 -72.75 -73.17  42.15  76.10
 67.30  41.25  -1.43 -11.24 -12.97 -12.67   4.90  12.02
 69.03  35.25  -0.96 -22.50 -43.64 -23.46  10.77  23.00
 66.87  45.50   1.36   0.19 160.96   1.55   0.59   1.46
 66.87  45.00   1.41   0.51 -47.57   1.92   0.45   1.72
 67.73  39.00  10.52 -17.49 -46.58  -6.97  14.01  15.25
 66.87  44.50   4.16   0.56 -65.30   4.72   1.80   4.47
 69.50  34.00   7.07 -20.45 -23.21 -13.38  13.76  17.99
 67.30  40.75   5.01  -9.33 -29.50  -4.32   7.17   8.09
 66.87  44.00   4.77   0.29 -72.62   5.07   2.24   4.93
 68.17  37.25  18.17 -89.59 -73.01 -71.42  53.88  82.03
 68.60  36.00  -6.34 -35.41 -64.41 -41.74  14.54  38.96
 66.87  43.50   4.23  -0.28 -79.24   3.95   2.25   4.10
 67.73  38.50 -12.86 -29.51 -66.63 -42.37   8.32  37.63
 67.30  40.25  15.22  -6.55 -48.85   8.67  10.88  13.22
 66.87  43.00   2.90  -1.06 -89.26   1.83   1.98   2.54
 69.03  34.75   1.89 -19.41 -30.47 -17.52  10.65  18.54
 66.87  42.50   0.22  -2.61 242.44  -2.39   1.41   2.50
 68.17  36.75  -1.26 -73.00 -70.43 -74.26  35.87  73.64
 67.30  39.75  15.67  -2.50 136.67  13.16   9.09  14.58
 68.60  35.50  -6.52 -27.85 -55.04 -34.36  10.66  31.61
 66.87  42.00  -1.23  -6.02  27.66  -7.24   2.39   6.71
 67.73  38.00  -4.42 -49.76 -79.38 -54.18  22.67  52.11
 66.87  41.50  -1.15  -7.68  12.77  -8.83   3.26   8.32
 66.50  46.00   1.14  -0.08 151.63   1.06   0.61   1.10
 67.30  39.25  13.34 -11.22 152.33   2.12  12.28  12.42
 68.17  36.25 -10.80 -44.80 -64.80 -55.60  17.00  51.06
 67.73  37.50   2.81 -51.43 -71.96 -48.61  27.12  50.08
 66.44  45.29   1.11  -0.02 -46.73   1.09   0.57   1.10
 66.87  41.00   1.79  -5.74 -13.83  -3.95   3.77   5.09
 66.43  44.75   2.45  -0.00 -66.04   2.45   1.23   2.45
 68.60  35.00  -1.60 -22.33 -42.04 -23.93  10.36  23.17
 66.43  44.25   4.33  -0.13 -72.28   4.21   2.23   4.27
 67.30  38.75   1.78 -27.83   5.46 -26.05  14.81  26.99
 69.00  34.00   3.09 -18.98 -27.91 -15.89  11.04  17.64
 66.43  43.75   4.23  -0.42 -78.70   3.81   2.32   4.04
 66.87  40.50  13.61  -0.69 -48.57  12.91   7.15  13.27
 66.43  43.25   3.29  -0.92 -88.67   2.37   2.10   2.94
 67.73  37.00  11.22 -62.67 -72.10 -51.44  36.94  57.88
 68.17  35.75  -9.53 -32.77 -60.89 -42.30  11.62  38.43
 66.43  42.75   1.49  -1.80 253.82  -0.32   1.64   1.67
 67.30  38.25  -3.14 -28.03  12.08 -31.17  12.44  29.72
 66.87  40.00  14.18   4.38 -54.00  18.56   4.90  16.80
 68.60  34.50   0.03 -20.46 -35.42 -20.43  10.25  20.44
 66.43  42.25  -0.18  -3.15 226.28  -3.34   1.49   3.25
 66.87  39.50  13.96   0.15 158.27  14.10   6.91  14.03
 67.73  36.50 -12.61 -38.19 -69.45 -50.80  12.79  45.82
 66.43  41.75  -0.65  -4.00  24.07  -4.65   1.67   4.36
 67.30  37.75  -1.50 -12.67 -43.28 -14.18   5.59  13.49
 68.17  35.25  -4.81 -26.29 -53.66 -31.10  10.74  28.99
 66.43  41.25   0.36  -2.92  -0.50  -2.56   1.64   2.76
 66.87  39.00  19.84 -36.18   9.91 -16.34  28.01  31.38
 66.00  46.00   1.19  -0.21 148.02   0.98   0.70   1.10
 66.00  45.50   1.19  -0.23 136.82   0.96   0.71   1.09
 66.00  45.00   1.52  -0.28 -57.37   1.24   0.90   1.40
 66.00  44.50   3.90  -0.35 -71.93   3.54   2.13   3.73
 67.73  36.00 -12.53 -29.69 -65.22 -42.22   8.58  37.56
 66.43  40.75   5.10   0.04 143.82   5.14   2.53   5.12
 67.30  37.25  -2.54 -17.69 -46.11 -20.23   7.57  19.08
 66.00  44.00   3.69  -0.60 -78.77   3.09   2.14   3.43
 68.50  34.00   1.25 -20.10 -32.88 -18.84  10.68  19.50
 66.00  43.50   2.93  -1.04 -89.79   1.89   1.98   2.57
 66.87  38.50  19.15 -38.85  12.26 -19.70  29.00  33.65
 68.14  34.71  -2.37 -20.39 -43.99 -22.76   9.01  21.67
 66.43  40.25   8.61   3.52 -50.37  12.13   2.54  10.81
 66.00  43.00   1.82  -1.86 254.35  -0.04   1.84   1.84
 67.30  36.75 -11.74 -17.28 -87.57 -29.02   2.77  25.28
 66.00  42.50   0.70  -2.70 238.39  -2.00   1.70   2.43
 67.73  35.50  -8.68 -24.31 -62.38 -32.99   7.81  29.62
 66.43  39.75   9.25   2.95 205.25  12.21   3.15  11.03
 66.87  38.00  17.68 -38.68  12.41 -21.00  28.18  33.54
 66.00  42.00  -0.11  -2.50  44.04  -2.61   1.19   2.55
 66.00  41.50   0.02  -1.38   6.48  -1.36   0.70   1.37
 66.43  39.25  17.00 -35.51  14.10 -18.51  26.26  30.76
 67.30  36.25 -12.85 -17.04 -79.25 -29.88   2.09  25.96
 66.87  37.50  16.26 -11.68 181.60   4.58  13.97  14.52
 67.73  35.00  -3.18 -21.06 -56.80 -24.24   8.94  22.82
 66.00  41.00   2.30  -0.87 164.01   1.43   1.59   2.01
 66.43  38.75  21.44 -39.19  13.61 -17.74  30.31  33.99
 66.00  40.50   4.06  -1.37 180.78   2.68   2.72   3.58
 67.30  35.75 -10.13 -15.94 -69.10 -26.08   2.90  22.77
 66.87  37.00   5.78  -9.61  10.93  -3.83   7.69   8.38
 68.00  34.00  -0.72 -18.95 -40.03 -19.66   9.11  19.31
 66.43  38.25  21.39 -42.14  13.97 -20.75  31.77  36.50
 67.73  34.46  -3.24 -19.97 -51.00 -23.21   8.36  21.77
 66.00  40.00   7.59  -8.63  19.75  -1.04   8.11   8.16
 66.87  36.50  -0.25 -10.95  11.00 -11.21   5.35  11.08
 67.30  35.25  -4.37 -14.90 -65.65 -19.27   5.27  17.50
 66.00  39.50  14.16 -31.06  20.06 -16.90  22.61  26.94
 66.43  37.75  21.08 -22.96  10.30  -1.89  22.02  22.08
 66.00  39.00  14.40 -37.72  15.25 -23.32  26.06  32.97
 66.87  36.00  -2.39  -9.85   5.24 -12.24   3.73  11.24
 66.43  37.25  16.04  -8.25 188.02   7.79  12.15  13.90
 66.00  38.50  17.84 -41.64  14.83 -23.80  29.74  36.18
 67.29  34.61  -3.58 -14.06 -60.31 -17.64   5.24  16.15
 67.50  34.00  -2.29 -18.60 -50.61 -20.89   8.16  19.85
 66.43  36.75   6.76  -6.18 189.77   0.58   6.47   6.49
 66.87  35.50  -3.17  -7.27   3.15 -10.44   2.05   9.27
 66.00  38.00  18.38 -31.07  12.69 -12.69  24.73  27.06
 66.43  36.25   2.14  -6.31   4.19  -4.18   4.22   5.56
 66.87  35.00  -3.42  -4.07 -19.91  -7.49   0.32   6.49
 66.00  37.50  15.83  -9.89 189.46   5.93  12.86  13.85
 66.43  35.75   0.02  -5.96   0.69  -5.93   2.99   5.94
 66.00  37.00   9.50  -3.17 189.37   6.33   6.33   8.38
 66.87  34.50  -2.17  -4.05 -30.99  -6.22   0.94   5.47
 67.00  34.00  -2.11  -5.43 -33.83  -7.53   1.66   6.73
 66.00  36.50   4.93  -2.85 183.99   2.07   3.89   4.28
 66.43  35.25  -1.48  -3.92   9.78  -5.40   1.22   4.83
 66.00  36.00   2.07  -3.59  -2.02  -1.52   2.83   3.12
 66.44  34.71  -1.37  -3.20 -15.57  -4.57   0.92   4.06
 66.00  35.50   0.28  -3.60  -6.00  -3.32   1.94   3.47
 66.50  34.00  -1.23  -3.66 -29.60  -4.89   1.21   4.40
 66.00  35.00  -0.88  -2.56 -19.82  -3.44   0.84   3.10
 66.00  34.50  -0.64  -3.18 -21.93  -3.82   1.27   3.54
 66.00  34.00  -0.70  -2.77 -31.11  -3.47   1.03   3.18
